299.999993      1.92126135799498e-07
350.000001      2.22828129371795e-07
399.999991      2.53374077907943e-07
450.000018      2.83039969007968e-07
500.000008      3.13370516253434e-07
549.999997      3.43761108004669e-07
599.999987      3.74356758803189e-07
649.999976      4.05213904563722e-07
700.000003      4.36428750350909e-07
750.000030      4.68162196158939e-07
799.999982      5.00457470993602e-07
850.000009      5.33372536069676e-07
900.000036      5.67097867147868e-07
949.999988      6.01494848419624e-07
1000.000015     6.36807080626915e-07
1049.999967     6.72952309102635e-07
1099.999994     7.10007283128160e-07
1150.000021     7.48114188655385e-07
1199.999973     7.87114991291890e-07
1250.000000     8.27139675462957e-07
1299.999952     8.68114356677582e-07
1350.000054     9.10083084387957e-07
1400.000006     9.53292433165595e-07
1449.999958     9.97421497680061e-07
1500.000060     1.04267355078350e-06
1550.000012     1.08883944074611e-06
1599.999964     1.13606105767226e-06
1650.000066     1.18438103481566e-06
1700.000018     1.23409446137581e-06
1749.999970     1.28480535540297e-06
1800.000072     1.33679109831048e-06
1850.000024     1.39014275996117e-06
1899.999976     1.44439605694443e-06
1949.999928     1.50058208722791e-06
2000.000030     1.55786826404862e-06
2049.999982     1.61643911076463e-06
2099.999934     1.67661664993654e-06
2150.000036     1.73751531811836e-06
2199.999988     1.79996740560139e-06
2249.999940     1.86445862539442e-06
2300.000042     1.92973168785534e-06
2349.999994     1.99756144168818e-06
2399.999946     2.06614223509200e-06
2450.000048     2.13606737034119e-06
2500.000000     2.20789071585413e-06
2549.999952     2.28030349452984e-06
2599.999905     2.35507355958865e-06
2649.999857     2.43103543711167e-06
2700.000107     2.50909686288268e-06
2750.000060     2.58931185591675e-06
2800.000012     2.67066613162408e-06
2849.999964     2.75382843901986e-06
2899.999917     2.83726395974903e-06
2949.999869     2.92248459521680e-06
3000.000119     3.00875403831085e-06
3050.000072     3.09709698820346e-06
3100.000024     3.18744856440500e-06
3149.999976     3.27880073382144e-06
3199.999928     3.37181331574056e-06
3249.999881     3.46550387287398e-06
3300.000131     3.56046912846737e-06
3350.000083     3.65666979846093e-06
3400.000036     3.75463028573157e-06
3449.999988     3.85342469981727e-06
3499.999940     3.95370512178251e-06
3549.999893     4.05496500633278e-06
3600.000143     4.15643768765429e-06
3650.000095     4.26008209029293e-06
3700.000048     4.36350000540958e-06
3750.000000     4.46876672612277e-06
3799.999952     4.57428761233114e-06
3849.999905     4.68080968657025e-06
3899.999857     4.78842640171119e-06
3950.000107     4.89668805575748e-06
4000.000060     5.00621756382460e-06
4050.000012     5.11579171428730e-06
4099.999964     5.22621586345162e-06
4149.999917     5.33685191622719e-06
4199.999869     5.44835999087010e-06
4250.000119     5.56021925589508e-06
4300.000072     5.67280411385744e-06
4350.000024     5.78569789969381e-06
4399.999976     5.89868930460876e-06
4449.999928     6.01254618342358e-06
4499.999881     6.12626794354755e-06
4550.000131     6.24061529764280e-06
4600.000083     6.35519896027499e-06
4650.000036     6.46971476584176e-06
4699.999988     6.58486271147482e-06
4749.999940     6.69981839989557e-06
4799.999893     6.81510384597946e-06
4850.000143     6.93051608208415e-06
4900.000095     7.04565450317395e-06
4950.000048     7.16126911397759e-06
5000.000000     7.27653432508818e-06
5049.999952     7.39212870091853e-06
5099.999905     6.41816371846982e-06
5149.999857     7.62288768721188e-06
5199.999809     7.73796421125352e-06
5249.999762     7.85281394381166e-06
5299.999714     7.96793034485650e-06
5350.000262     8.08229317102926e-06
5400.000215     7.07422168546843e-06
5450.000167     8.31189442599603e-06
5500.000119     8.42619951820736e-06
5550.000072     8.54057901545158e-06
5600.000024     8.65430672435810e-06
5649.999976     8.76730170503375e-06
5699.999928     8.88061631964438e-06
5749.999881     8.99313808780615e-06
5799.999833     9.10592711115649e-06
5849.999785     9.21827387363778e-06
5899.999738     9.33030575821422e-06
5950.000286     9.44127097508539e-06
6000.000238     9.55234809597758e-06
6050.000191     9.66252403030172e-06
6100.000143     9.77312556066497e-06
6150.000095     9.88319613831140e-06
6200.000048     9.99286374539010e-06
6250.000000     1.01011682567603e-05
6299.999952     1.02095596686651e-05
6349.999905     1.03169629934672e-05
6399.999857     1.04246317883863e-05
6449.999809     1.05319291635673e-05
6499.999762     1.06384562928049e-05
6549.999714     1.07447643825135e-05
6600.000262     1.08503022325201e-05
6650.000215     1.09553424657113e-05
6700.000167     1.10589493674894e-05
6750.000119     1.11633598386293e-05
6800.000072     1.12652893659789e-05
6850.000024     1.13686331756551e-05
6899.999976     1.14710638899635e-05
6949.999928     1.15719862748824e-05
6999.999881     1.16737872271396e-05
7049.999833     1.17731370013644e-05
7099.999785     1.18718081986934e-05
7149.999738     1.19716793948502e-05
7200.000286     1.20696648812382e-05
7250.000238     1.21687229834899e-05
7300.000191     1.22660346677368e-05
7350.000143     1.23613249205941e-05
7400.000095     1.24568830340664e-05
7450.000048     1.25509875749108e-05
7500.000000     1.26458028301826e-05
7549.999952     1.27397895188476e-05
7599.999905     1.28332297820941e-05
7649.999857     1.29259188484835e-05
7699.999809     1.30179781590633e-05
7749.999762     1.31092862852691e-05
7799.999714     1.32000479798148e-05
7850.000262     1.32899822936406e-05
7900.000215     1.33793618496328e-05
7950.000167     1.34679914008964e-05
8000.000119     1.35559971507501e-05
8050.000072     1.36433779008242e-05
8100.000024     1.37300086524111e-05
8149.999976     1.38160858320514e-05
8199.999928     1.39012082542489e-05
8249.999881     1.39859806775684e-05
8299.999833     1.40697292936274e-05
8349.999785     1.41531267186801e-05
8399.999738     1.42339265336499e-05
8450.000286     1.43150882500558e-05
8500.000238     1.43943761592513e-05
8550.000191     1.44748354998863e-05
8600.000143     1.45560650739819e-05
8650.000095     1.46359506014555e-05
8700.000048     1.47140813722677e-05
8750.000000     1.47911311948014e-05
8799.999952     1.48662333980350e-05
8849.999905     1.49425070327082e-05
8899.999857     1.50197532817824e-05
8949.999809     1.50936126382265e-05
8999.999762     1.51687434150899e-05
9049.999714     1.52404099170904e-05
9100.000262     1.53132526003191e-05
9150.000215     1.53871964792827e-05
9200.000167     1.54575486941778e-05
9250.000119     1.55293199599126e-05
9300.000072     1.55974233714743e-05
9350.000024     1.56668303534699e-05
9399.999976     1.57355754358827e-05
9449.999928     1.58036074196114e-05
9499.999881     1.58709286889128e-05
9549.999833     1.59377130573389e-05
9599.999785     1.60038343340539e-05
9649.999738     1.60691865631952e-05
9700.000286     1.61336959389148e-05
9750.000238     1.61957731794470e-05
9800.000191     1.62602670762234e-05
9850.000143     1.63218514559704e-05
9900.000095     1.63858524982030e-05
9950.000048     1.64474225911350e-05
10000.000000    1.65081486447586e-05
10049.999950    1.65682318354028e-05
10099.999900    1.66256864643192e-05
10149.999860    1.66856291835542e-05
10199.999810    1.67426552454730e-05
10249.999760    1.68001336795060e-05
10299.999710    1.68583371147813e-05
10349.999670    1.69134203259133e-05
10399.999620    1.69690951946819e-05
10449.999570    1.70251676850448e-05
10499.999520    1.70784485105576e-05
10549.999480    1.71342031458157e-05
10599.999430    1.71875387343315e-05
10650.000570    1.72403540868021e-05
10700.000520    1.72921706354984e-05
10750.000480    1.73418407603392e-05
10800.000430    1.73937323070119e-05
10850.000380    1.74409298142357e-05
10900.000330    1.74914737441430e-05
10950.000290    1.75406688713983e-05
11000.000240    1.75878437593923e-05
11050.000190    1.76390936414554e-05
11100.000140    1.76851792487558e-05
11150.000100    1.77319910431852e-05
11200.000050    1.77794016480211e-05
11250.000000    1.78237408310751e-05
11299.999950    1.78688062012583e-05
11349.999900    1.79144001461431e-05
11399.999860    1.79572536190376e-05
11449.999810    1.80005582781596e-05
11499.999760    1.80447915115925e-05
11549.999710    1.80838628482778e-05
11599.999670    1.81268032217069e-05
11649.999620    1.81681245600954e-05
11699.999570    1.82076268480348e-05
11749.999520    1.82512029379150e-05
11799.999480    1.82896659396506e-05
11849.999430    1.83288610891568e-05
11900.000570    1.83688598080248e-05
11950.000520    1.84036097233691e-05
12000.000480    1.84424358249108e-05
12050.000430    1.84795750274808e-05
12100.000380    1.85151499455300e-05
12150.000330    1.85545962783382e-05
12200.000290    1.85892021521299e-05
12250.000240    1.86242675508054e-05
12300.000190    1.86604627001212e-05
12350.000140    1.86912173941273e-05
12400.000100    1.87262411182449e-05
12450.000050    1.87595041375429e-05
12500.000000    1.87912076345918e-05
12549.999950    1.88269849335816e-05
12599.999900    1.88554955865259e-05
12649.999860    1.88880788430413e-05
12699.999810    1.89192311524001e-05
12749.999760    1.89485501307365e-05
12799.999710    1.89823429106230e-05
12849.999670    1.90084690386133e-05
12899.999620    1.90390677760254e-05
12949.999570    1.90656867648010e-05
12999.999520    1.90942140763338e-05
13049.999480    1.91244497201814e-05
13099.999430    1.91507746589688e-05
13150.000570    1.91815733993064e-05
13200.000520    1.92046340599148e-05
13250.000480    1.92323709030138e-05
13300.000430    1.92582006030009e-05
13350.000380    1.92825969715748e-05
13400.000330    1.93112707151583e-05
13450.000290    1.93325290026306e-05
13500.000240    1.93581908497069e-05
13550.000190    1.93800753228456e-05
13600.000140    1.94037931207653e-05
13650.000100    1.94293442559488e-05
13700.000500    1.94509906342306e-05
13750.000000    1.94771119999493e-05
13799.999950    1.94954881456522e-05
13849.999900    1.95185416659739e-05
13899.999860    1.95376701944206e-05
13949.999810    1.95587653850123e-05
13999.999760    1.95818962813254e-05
14049.999710    1.96009700467691e-05
14099.999670    1.96247211805901e-05
14149.999620    1.96407330487953e-05
14199.999570    1.96613460952732e-05
14249.999520    1.96781043918222e-05
14299.999480    1.96968281583880e-05
14349.999430    1.97176459638214e-05
14400.000570    1.97344125927854e-05
14450.000520    1.97560506386523e-05
14500.000480    1.97696732258733e-05
14550.000430    1.97881743765253e-05
14600.000380    1.98026255303531e-05
14650.000330    1.98191623968751e-05
14700.000290    1.98376647334139e-05
14750.000240    1.98523206524388e-05
14800.000190    1.98715753717214e-05
14850.000140    1.98832122477108e-05
14900.000100    1.98994562563730e-05
14950.000050    1.99119788462288e-05
15000.000000    1.99263907222383e-05
15049.999950    1.99406894958570e-05
15099.999900    1.99546037488097e-05
15149.999860    1.99706096626149e-05
15199.999810    1.99827679730194e-05
15249.999760    1.99996536462911e-05
15299.999710    2.00087226717141e-05
15349.999670    2.00231305344331e-05
15399.999620    2.00326773786039e-05
15449.999570    2.00449225895430e-05
15499.999520    2.00566558968518e-05
15549.999480    2.00681987257785e-05
15599.999430    2.00818344076861e-05
15650.000570    2.00916772429544e-05
15700.000520    2.01062557797464e-05
15750.000480    2.01133414781944e-05
15800.000430    2.01249581192106e-05
15850.000380    2.01329271472684e-05
15900.000330    2.01427866473667e-05
15950.000290    2.01524580533395e-05
16000.000240    2.01619485054733e-05
16050.000190    2.01735865735910e-05
16100.000140    2.01814317950695e-05
16150.000100    2.01940793836330e-05
16200.000050    2.01990341371686e-05
16250.000000    2.02087198299562e-05
16299.999950    2.02146912442242e-05
16349.999900    2.02226793213685e-05
16399.999860    2.02328792958015e-05
16449.999810    2.02391602327593e-05
16499.999760    2.02503792521812e-05
16549.999710    2.02538316307273e-05
16599.999670    2.02622149452093e-05
16649.999620    2.02666792159747e-05
16699.999570    2.02734863433777e-05
16749.999520    2.02798434704400e-05
16799.999480    2.02864101249711e-05
16849.999430    2.02947267738918e-05
16900.000570    2.02995220006900e-05
16950.000520    2.03090505447554e-05
17000.000480    2.03109386387808e-05
17050.000430    2.03177648152703e-05
17100.000380    2.03207981388791e-05
17150.000330    2.03259743162001e-05
17200.000290    2.03332409684870e-05
17250.000240    2.03367885799827e-05
17300.000190    2.03449909406258e-05
17350.000140    2.03458361783041e-05
17400.000100    2.03514671182374e-05
17450.000050    2.03534361583975e-05
17500.000000    2.03576218643593e-05
17549.999950    2.03638102771826e-05
17599.999900    2.03664313678238e-05
17649.999860    2.03737027761408e-05
17699.999810    2.03736123054629e-05
17749.999760    2.03781813399626e-05
17799.999710    2.03814265690550e-05
17849.999670    2.03832837114356e-05
17899.999620    2.03899289340863e-05
17949.999570    2.03892170275306e-05
17999.999520    2.03931598763638e-05
18049.999480    2.03957812978050e-05
18099.999430    2.03970146325343e-05
18150.000570    2.04030360412921e-05
18200.000520    2.04017003333266e-05
18250.000480    2.04051431810879e-05
18300.000430    2.04070741293165e-05
18350.000380    2.04078836530783e-05
18400.000330    2.04132050703217e-05
18450.000290    2.04113717392993e-05
18500.000240    2.04141979259375e-05
18550.000190    2.04156312511091e-05
18600.000140    2.04157407771151e-05
18650.000100    2.04206407676477e-05
18700.000050    2.04182360077204e-05
18750.000000    2.04206217185612e-05
18799.999950    2.04216883800249e-05
18849.999900    2.04213574302335e-05
18899.999860    2.04258145607122e-05
18949.999810    2.04251955153325e-05
18999.999760    2.04258193229838e-05
19049.999710    2.04276859899076e-05
19099.999670    2.04266264687306e-05
19149.999620    2.04271018657727e-05
19199.999570    2.04285526546875e-05
19249.999520    2.04254883731924e-05
19299.999480    2.04267383727516e-05
19349.999430    2.04268645635875e-05
19400.000570    2.04256693270312e-05
19450.000520    2.04291193150792e-05
19500.000480    2.04276931301943e-05
19550.000430    2.04276359891763e-05
19600.000380    2.04285526546875e-05
19650.000330    2.04268859906890e-05
19700.000290    2.04263883738736e-05
19750.000240    2.04269859859102e-05
19800.000190    2.04251383743144e-05
19850.000140    2.04245145666631e-05
19900.000100    2.04251145629563e-05
19950.000050    2.04231407605246e-05
20000.000000    2.04224598118552e-05
20050.001140    2.04228002861899e-05
20099.999900    2.04207693364986e-05
20150.001050    2.04198383841726e-05
20199.999810    2.04201217174892e-05
20250.000950    2.04177050550035e-05
20399.999620    2.04163360111366e-05
20450.000760    2.04149931566429e-05
20499.999520    2.04117241224338e-05
20550.000670    2.04115669799531e-05
20599.999430    2.04089122226105e-05
20650.000570    2.04093765035245e-05
20699.999330    2.04080407955590e-05
20750.000480    2.04065312740413e-05
20799.999240    2.04050074657087e-05
20850.000380    2.04034503277163e-05
20899.999140    2.04019812823867e-05
20950.000290    2.04002908132716e-05
20999.999050    2.03984574822492e-05
21050.000190    2.03965860592952e-05
21099.998950    2.03947979667325e-05
21150.000100    2.03930527346145e-05
21199.998860    2.03911503600157e-05
21250.000000    2.03894098839278e-05
21300.001140    2.03877527444726e-05
21349.999900    2.03858027533990e-05
21400.001050    2.03839194216452e-05
21449.999810    2.03812346364012e-05
21500.000950    2.03816456148254e-05
21549.999710    2.03788027695988e-05
21600.000860    2.03775861059410e-05
21649.999620    2.03738051618601e-05
21700.000760    2.03717504008107e-05
21749.999520    2.03712170700788e-05
21800.000670    2.03683194556077e-05
21849.999430    2.03669742230989e-05
21900.000570    2.03631956632746e-05
21949.999330    2.03611409022252e-05
22000.000480    2.03606075714933e-05
22049.999240    2.03577099570222e-05
22100.000380    2.03563647245134e-05
22149.999140    2.03524599738532e-05
22200.000290    2.03503480717857e-05
22249.999050    2.03495552128538e-05
22300.000190    2.03481171254106e-05
22349.998950    2.03473195042071e-05
22400.000100    2.03436147564722e-05
22449.998860    2.03407599962042e-05
22500.000000    2.03369885766666e-05
22550.001140    2.03346742999002e-05
22599.999900    2.03338933497681e-05
22650.001050    2.03321981121399e-05
22699.999810    2.03312766843571e-05
22750.000950    2.03290362134387e-05
22799.999710    2.03265981238515e-05
22850.000860    2.03243528906614e-05
22899.999620    2.03206481429266e-05
22950.000760    2.03178481456616e-05
22999.999520    2.03142076792314e-05
23050.000670    2.03118957804801e-05
23099.999430    2.03109838772405e-05
23150.000570    2.03091053077584e-05
23199.999330    2.03081243609424e-05
23250.000480    2.03056838870987e-05
23299.999240    2.03034481784519e-05
23350.000380    2.03011339016855e-05
23399.999140    2.02988196186776e-05
23450.000290    2.02965815320158e-05
23499.999050    2.02942672490079e-05
23550.000190    2.02919529660000e-05
23599.998950    2.02897172573532e-05
23650.000100    2.03098815143433e-05
23699.998860    2.02850886975789e-05
23750.000000    2.02829768017530e-05
23800.001140    2.02805934689273e-05
23849.999900    2.02786077639372e-05
23900.001050    2.02762244311115e-05
23949.999810    2.02742387261215e-05
24000.000950    2.02718553932957e-05
24049.999710    2.02698696883057e-05
24100.000860    2.02674863554799e-05
24149.999620    2.02655006504899e-05
24200.000760    2.02631173239056e-05
24249.999520    2.02611316126741e-05
24300.000670    2.02588744706843e-05
24349.999430    2.02569459067123e-05
24400.000570    2.02548197240714e-05
24449.999330    2.02528911538580e-05
24500.000480    2.02513935411401e-05
24549.999240    2.02497435419716e-05
24600.000380    2.02482816431702e-05
24649.999140    2.02463530729567e-05
24700.000290    2.02435578442048e-05
24749.999050    2.02413483249313e-05
24800.000190    2.02387173789469e-05
24849.998950    2.02368459559929e-05
24900.000100    2.02349721487824e-05
24949.998860    2.02336054829305e-05
25000.000000    2.02318316771827e-05
25050.001140    2.02305602505219e-05
25099.999900    2.02284840686125e-05
25150.001050    2.02262840738822e-05
25199.999810    2.02241174088118e-05
25250.000950    2.02222459858578e-05
25300.000710    2.02205412299279e-05
25350.000860    2.02191936131625e-05
25399.999620    2.02173769532116e-05
25450.000760    2.02154912434427e-05
25499.999520    2.02138150549010e-05
25550.000670    2.02120626762548e-05
25599.999430    2.02106388693849e-05
25650.000570    2.02089484002698e-05
25699.999330    2.02073222124595e-05
25750.000480    2.02055055525085e-05
25799.999240    2.02040245983791e-05
25850.000380    2.02023912702821e-05
25899.999140    2.02009531765973e-05
25950.000290    2.01993960386048e-05
25999.999050    2.01979650914482e-05
26050.000190    2.01964579541871e-05
26099.998950    2.01950270007890e-05
26150.000100    2.01935960536325e-05
26199.998860    2.01858474070280e-05
26250.000000    2.01907841538092e-05
26300.001140    2.01892841568347e-05
26349.999900    2.01881055913500e-05
26400.001050    2.01865294042710e-05
26449.999810    2.01854246446342e-05
26500.000950    2.01841008392270e-05
26549.999710    2.01827817898499e-05
26600.000860    2.01818151298489e-05
26649.999620    2.01801603684088e-05
26700.000760    2.01790532307569e-05
26749.999520    2.01779318062902e-05
26800.000670    2.01765984763397e-05
26849.999430    2.01760151448765e-05
26900.000570    2.01744175244544e-05
26949.999330    2.01734341933819e-05
27000.000480    2.01725651505870e-05
27049.999240    2.01712199118367e-05
27100.000380    2.01710961052574e-05
27149.999140    2.01694794419903e-05
27200.000290    2.01687508706047e-05
27249.999050    2.01675080175737e-05
27300.000190    2.01663723062921e-05
27349.998950    2.01656365946197e-05
27400.000100    2.01646270741740e-05
27449.998860    2.01639461192631e-05
27500.000000    2.01630699361815e-05
27550.001140    2.01623889812707e-05
27599.999900    2.01615056516609e-05
27650.001050    2.01608247029915e-05
27699.999810    2.01600747045043e-05
27750.000950    2.01594508968530e-05
27799.999710    2.01588270892017e-05
27850.000860    2.01583294661447e-05
27899.999620    2.01577628057530e-05
27950.000760    2.01573961358036e-05
27999.999520    2.01568270911552e-05
28050.000670    2.01564556651757e-05
28099.999430    2.01547509030043e-05
28150.000570    2.01550175714910e-05
28199.999330    2.01527509111994e-05
28250.000480    2.01541342418811e-05
28299.999240    2.01532651928447e-05
28350.000380    2.01527532892144e-05
28399.999140    2.01532723393729e-05
28450.000290    2.01510604358428e-05
28499.999050    2.01514413863655e-05
28550.000190    2.01513271043295e-05
28599.998950    2.01501771062330e-05
28650.000100    2.01507604376962e-05
28699.998860    2.01507032966782e-05
28750.000000    2.01497366304356e-05
28800.001140    2.01504509150063e-05
28849.999000    2.01490032967783e-05
28900.001050    2.01488033000944e-05
28949.999810    2.01488033000944e-05
29000.000950    2.01488771121839e-05
29049.999710    2.01503937739883e-05
29100.000860    2.01496032993130e-05
29149.999620    2.01504509150063e-05
29200.000760    2.01491366341424e-05
29249.999520    2.01473437793081e-05
29300.000670    2.01485080642195e-05
29349.999430    2.01477771148188e-05
29400.000570    2.01496913919759e-05
29449.999330    2.01499485359193e-05
29500.000480    2.01481509188133e-05
29549.999240    2.01495104443785e-05
29600.000380    2.01487675861780e-05
29649.999140    2.01510723446426e-05
29700.000290    2.01515128204400e-05
29749.999050    2.01497628198088e-05
29800.000190    2.01494318700174e-05
29849.998950    2.01476461617112e-05
29900.000100    2.01503080593405e-05
29949.998860    2.01516271024761e-05
30000.000000    2.01543794770248e-05
30050.001140    2.01550818590372e-05
30099.999900    2.01532485280148e-05
30150.001050    2.01529866217997e-05
30199.999810    2.01513366288727e-05
30250.000950    2.01519604365240e-05
30300.002100    2.01525842441754e-05
30350.000860    2.01532104298417e-05
30399.999620    2.01538342437346e-05
30450.000760    2.01544580513859e-05
30499.999520    2.01550818590372e-05
30550.000670    2.01557056666885e-05
30599.999430    2.01564556651757e-05
30650.000570    2.01571366138451e-05
30699.999330    2.01581461342908e-05
30750.000480    2.01588842302197e-05
30799.999240    2.01600175572447e-05
30850.000380    2.01607556531736e-05
30899.999140    2.01618913644553e-05
30950.000290    2.01626294603842e-05
30999.999050    2.01637627874092e-05
31050.000190    2.01646270741740e-05
31099.998950    2.01627866028649e-05
31150.000100    2.01624318417153e-05
31199.998860    2.01604413682122e-05
31250.000000    2.01613056549770e-05
31300.001140    2.01656246920614e-05
31349.999900    2.01678365893500e-05
31400.001050    2.01720603872434e-05
31449.999810    2.01700222972655e-05
31500.000950    2.01697389639488e-05
31549.999710    2.01677413501590e-05
31600.000860    2.01687865845211e-05
31649.999620    2.01736794347670e-05
31700.000760    2.01729080091783e-05
31749.999520    2.01761841899156e-05
31800.000670    2.01739080050807e-05
31849.999430    2.01752818112192e-05
31900.000570    2.01802389427699e-05
31949.999330    2.01795198959275e-05
32000.000480    2.01828675044977e-05
32049.999240    2.01805841793762e-05
32100.000380    2.01784770395804e-05
32149.999140    2.01819984617028e-05
32200.000290    2.01813579892216e-05
32249.999050    2.01824603646018e-05
32300.000190    2.01862555954976e-05
32349.998950    2.01854698830939e-05
32400.000100    2.01868294024175e-05
32449.998860    2.01907579644360e-05
32500.000000    2.01900198685071e-05
32550.001140    2.01915079629232e-05
32599.999900    2.01955674780491e-05
32650.001050    2.01948865293798e-05
32699.999810    2.01963746175544e-05
32750.000950    2.02003769916623e-05
32799.999710    2.01955198615743e-05
32850.000860    2.01992555671955e-05
32899.999620    2.02011960337258e-05
32950.000760    2.02006269890775e-05
32999.999520    2.02090674445775e-05
33050.000670    2.02041888873880e-05
33099.999430    2.02081198274215e-05
33150.000570    2.02057650744670e-05
33199.999330    2.02073841157492e-05
33250.000480    2.02092007819416e-05
33299.999240    2.02108150609522e-05
33350.000380    2.02126317209031e-05
33399.999140    2.02143769592627e-05
33450.000290    2.02162483822166e-05
33499.999050    2.02134436289215e-05
33550.000190    2.02179150462151e-05
33599.998950    2.02122817220252e-05
33650.000100    2.02216602763795e-05
33699.998860    2.02210602738448e-05
33750.000000    2.02276674045640e-05
33800.001140    2.02297983494764e-05
33849.999900    2.02267983555275e-05
33900.001050    2.02315340632927e-05
33949.999810    2.02256221680578e-05
34000.000950    2.02304054922978e-05
34049.999710    2.02326078650431e-05
34100.000860    2.02314769160332e-05
34149.999620    2.02364649992286e-05
34200.000760    2.02386673782155e-05
34249.999200    2.02374602391010e-05
34300.000670    2.02426507032369e-05
34349.999430    2.02396007085567e-05
34400.000570    2.02413983256626e-05
34449.999330    2.02435816493215e-05
34500.000480    2.02458983103444e-05
34549.999240    2.02534649607779e-05
34600.000380    2.02523625853977e-05
34649.999140    2.02577625707608e-05
34700.000290    2.02545863914862e-05
34749.999050    2.02508125876919e-05
34800.000190    2.02560816199475e-05
34849.998950    2.02551744852210e-05
34900.000100    2.02631982762818e-05
34949.998860    2.02653839841972e-05
35000.000000    2.02616030401163e-05
35050.001140    2.02612578035100e-05
35099.999900    2.02576244773666e-05
35150.001050    2.02656958849021e-05
35199.999810    2.02705196853302e-05
35250.000950    2.02788625236241e-05
35299.999710    2.02813815655875e-05
35350.000860    2.02771863350824e-05
35399.999620    2.02770577662314e-05
35450.000760    2.02731030148398e-05
35499.999520    2.02754863414241e-05
35550.000670    2.02774720526556e-05
35599.999430    2.02798553792399e-05
35650.000570    2.02819672750658e-05
35699.999330    2.02844077489096e-05
35750.000480    2.02866505978430e-05
35799.999240    2.02890910716868e-05
35850.000380    2.02913291583487e-05
35899.999140    2.02937696321925e-05
35950.000290    2.02960148653825e-05
35999.999050    2.02984529549697e-05
36050.000190    2.03006934258881e-05
36099.998950    2.03031315154753e-05
36150.000100    2.03055029395013e-05
36199.998860    2.03079981701065e-05
36250.000000    2.03104957849684e-05
36300.001140    2.03061672233407e-05
36349.999900    2.03055029395013e-05
36400.001050    2.03007815185510e-05
36449.999810    2.03030196114543e-05
36500.000950    2.03126219676092e-05
36549.999710    2.03180267152439e-05
36600.000860    2.03273481223387e-05
36649.999620    2.03227648010241e-05
36700.000760    2.03219909911788e-05
36749.999520    2.03171290988192e-05
36800.000670    2.03194243327406e-05
36849.999430    2.03295505013256e-05
36900.000570    2.03279171732285e-05
36949.999330    2.03342909651208e-05
37000.000480    2.03292981196537e-05
37049.999240    2.03242624199835e-05
37100.000380    2.03311362129478e-05
37149.999140    2.03291433614296e-05
37200.000290    2.03388933355219e-05
37249.999050    2.03417576140916e-05
37300.000190    2.03442052282221e-05
37349.998950    2.03463266548328e-05
37400.000100    2.03410361892342e-05
37449.998860    2.03482671213631e-05
37500.000000    2.03461004625342e-05
37550.001140    2.03485266495631e-05
37599.999900    2.03557647282202e-05
37650.001050    2.03457528416713e-05
37699.999810    2.03522742577426e-05
37750.000950    2.03550432971213e-05
37799.999710    2.03527885393880e-05
37850.000860    2.03681337457387e-05
37899.999620    2.03577266280936e-05
37950.000760    2.03646456595177e-05
37999.999520    2.03591790023518e-05
38050.000670    2.03615504263777e-05
38099.999430    2.03641170848159e-05
38150.000570    2.03662837498863e-05
38199.999330    2.03689265984291e-05
38250.000480    2.03710932634995e-05
38299.999240    2.03736599219377e-05
38350.000380    2.03760313459636e-05
38399.999140    2.03785289608254e-05
38450.000290    2.03810241914307e-05
38499.999050    2.03835218062925e-05
38550.000190    2.03860170368978e-05
38599.998950    2.03885146517596e-05
38650.000100    2.03822908558198e-05
38699.998860    2.03896313139547e-05
38750.000000    2.03781337234878e-05
38800.001140    2.03946265374369e-05
38849.999900    2.03922765467540e-05
38900.001050    2.03945193956875e-05
38949.999810    2.04020003314732e-05
39000.000950    2.03900956011102e-05
39049.999710    2.03978955778875e-05
39100.000860    2.04003360517313e-05
39149.999620    2.03972717702362e-05
39200.000760    2.04049431844040e-05
39249.999520    2.03983598650430e-05
39300.000670    2.04001479576057e-05
39349.999430    2.04026384259394e-05
39400.000570    2.04054646125776e-05
39449.999330    2.04079122204665e-05
39500.000480    2.04098193635785e-05
39549.999240    2.04123098319121e-05
39600.000380    2.04150169680011e-05
39649.999140    2.04175336319494e-05
39700.000290    2.04096265071813e-05
39749.999050    2.04175288696778e-05
39800.000190    2.04145574431172e-05
39849.998950    2.04268812284174e-05
39900.000100    2.04293978861243e-05
39949.998860    2.04213526679619e-05
40000.000000    2.04194693424496e-05
40050.001140    2.04120479256970e-05
40100.002290    2.04141622120210e-05
40149.998660    2.04265288452829e-05
40199.999810    2.04330788287425e-05
40250.000950    2.04459978480643e-05
40300.002100    2.04482407032392e-05
40349.998470    2.04402050033786e-05
40399.999620    2.04378764397973e-05
40450.000760    2.04302764597040e-05
40500.001910    2.04322621646940e-05
40549.998280    2.04346454975197e-05
40599.999430    2.04367573933457e-05
40650.000570    2.04390716763536e-05
40700.001720    2.04413859531199e-05
40749.998090    2.04434978551874e-05
40799.999240    2.04458788037566e-05
40850.000380    2.04479906995825e-05
40900.001530    2.04503049825904e-05
40949.997900    2.04526192655983e-05
40999.999050    2.04441145225520e-05
41050.000190    2.04415264307707e-05
41100.001340    2.04325097840941e-05
41149.997710    2.04344883550390e-05
41199.998860    2.04480216512273e-05
41250.000000    2.04549835430960e-05
41300.001140    2.04678382748715e-05
41350.002290    2.04702216014558e-05
41399.998660    2.04612121013074e-05
41449.999810    2.04585811553230e-05
41500.000950    2.04490978434758e-05
41550.002100    2.04512787891196e-05
41599.998470    2.04650049479467e-05
41649.999620    2.04609573416206e-05
41700.000760    2.04689382722367e-05
41750.001910    2.04594621069177e-05
41799.998280    2.04613144807852e-05
41849.999430    2.04640025677876e-05
41900.000570    2.04660073281057e-05
41950.001720    2.04675001785519e-05
41999.998090    2.04580549648778e-05
42049.999240    2.04670120862798e-05
42100.000380    2.04620525767141e-05
42150.001530    2.04756096842605e-05
42199.997900    2.04782382522299e-05
42249.999050    2.04802430063065e-05
42300.000190    2.04699120787660e-05
42350.001340    2.04664858958346e-05
42399.997710    2.04685525594423e-05
42449.998860    2.04637001916260e-05
42500.000000    2.04846406177520e-05
42550.001140    2.04674454217905e-05
42600.002290    2.04759168289353e-05
42649.998660    2.04780430115761e-05
42699.999810    2.04731739789299e-05
42750.000950    2.04945191669368e-05
42800.002100    2.04769192090944e-05
42849.998470    2.04854049030541e-05
42899.999620    2.04752144469229e-05
42950.000760    2.04767596823570e-05
43000.001910    2.04787763452334e-05
43049.998280    2.04803215806676e-05
43099.999430    2.04822644314544e-05
43150.000570    2.04838834789781e-05
43200.001720    2.04858263297650e-05
43249.998090    2.04873691809426e-05
43299.999240    2.04893882280755e-05
43350.000380    2.04781668243970e-05
43400.001530    2.04870739450676e-05
43449.997900    2.04682763664124e-05
43499.999050    2.04903763151781e-05
43550.000190    2.04851025206510e-05
43600.001340    2.04865953773387e-05
43649.997710    2.04955739258422e-05
43699.998860    2.04764977761420e-05
43750.000000    2.04858596594249e-05
43800.001140    2.04876191845993e-05
43850.002290    2.04812310996506e-05
43899.998660    2.04906691730380e-05
43949.999810    2.04923025011351e-05
44000.000950    2.04857834693203e-05
44050.002100    2.04951644016897e-05
44099.998470    2.04967977297867e-05
44149.999620    2.04903358389900e-05
44200.000760    2.04998477244670e-05
44250.001910    2.04882120343643e-05
44299.998280    2.04889858442096e-05
44349.999430    2.04905453664587e-05
44400.000570    2.04925096443471e-05
44450.001720    2.04939620248468e-05
44499.998090    2.04809477663340e-05
44549.999240    2.04899620349955e-05
44600.000380    2.04838810947215e-05
44650.001530    2.04995096281473e-05
44699.997900    2.05010167716500e-05
44749.999050    2.04878715600296e-05
44800.000190    2.04831215716911e-05
44850.001340    2.04704620805693e-05
44899.997710    2.04716525548539e-05
44949.998860    2.04868048985659e-05
45000.000000    2.04944144032025e-05
45050.001140    2.05103143673866e-05
45100.002290    2.05117667416448e-05
45149.998660    2.04980882055340e-05
45199.999810    2.04931715501715e-05
45250.000950    2.04802644396495e-05
45300.002100    2.04815120549522e-05
45349.998470    2.04826334794189e-05
45399.999620    2.04838263317186e-05
45450.000760    2.04848168093193e-05
45500.001910    2.04860096616189e-05
45549.998280    2.04870025172347e-05
45599.999430    2.04881953695343e-05
45650.000570    2.04891858471350e-05
45700.001720    2.04903786994347e-05
45749.998090    2.04913715550505e-05
45799.999240    2.04925644073501e-05
45850.000380    2.04787668206902e-05
45900.001530    2.04732596935777e-05
45949.997900    2.04586811505442e-05
45999.999050    2.04596144871269e-05
46050.000190    2.04760644468728e-05
46100.001340    2.04835787123184e-05
46149.997710    2.04994310600277e-05
46199.998860    2.05002953405510e-05
46250.000000    2.04863882341266e-05
46300.001140    2.04803144341394e-05
46350.002290    2.04657358973474e-05
46399.998660    2.04662692280792e-05
46449.999810    2.04833930024494e-05
46500.000950    2.04754501637648e-05
46550.002100    2.04848287118776e-05
46599.998470    2.04695882692612e-05
46649.999620    2.04703954150080e-05
46700.000760    2.04719073145407e-05
46750.001910    2.04725311221921e-05
46799.998280    2.04725215976488e-05
46849.999430    2.04732025463182e-05
46900.000570    2.04747192143640e-05
46950.001720    2.04752168311795e-05
46999.998090    2.04752692099259e-05
47049.999240    2.04600763900258e-05
47100.000380    2.04703811281931e-05
47150.001530    2.04615263862689e-05
47199.997900    2.04619478129798e-05
47249.999050    2.04720739815647e-05
47300.000190    2.04632120931123e-05
47350.001340    2.04634335231393e-05
47399.997710    2.04739644536052e-05
47449.998860    2.04487002218816e-05
47500.000000    2.04581144901524e-05
47550.001140    2.04426311904075e-05
47600.002290    2.04428716632795e-05
47649.998660    2.04595597241239e-05
47699.999810    2.04508121239490e-05
47750.000950    2.04772192072409e-05
47800.002100    2.04516954535589e-05
47849.998470    2.04609216214626e-05
47899.999620    2.04452573741203e-05
47950.000760    2.04453669001263e-05
48000.001910    2.04458811817716e-05
48049.998280    2.04459907077776e-05
48099.999430    2.04465049894229e-05
48150.000570    2.04466145154289e-05
48200.001720    2.04471287970743e-05
48249.998090    2.04304312179281e-05
48299.999240    2.04401550088888e-05
48350.000380    2.04133598285459e-05
48400.001530    2.04405216725966e-05
48449.997900    2.04314407383738e-05
48499.999050    2.04313693105409e-05
48550.000190    2.04409050011345e-05
48600.001340    2.04138503050746e-05
48649.997710    2.04240264743910e-05
48699.998860    2.04243550399258e-05
48750.000000    2.04139622090956e-05
48800.001140    2.04242836120929e-05
48850.002290    2.04243550399258e-05
48899.998660    2.04139550688090e-05
48949.999810    2.04242859963495e-05
49000.000950    2.04244859930333e-05
49050.002100    2.04140122098270e-05
49099.998470    2.04242859963495e-05
49149.999620    2.04069884146686e-05
49200.000760    2.04058765147452e-05
49250.001910    2.04058693682170e-05
49299.998280    2.04064788952949e-05
49349.999430    2.04064979381399e-05
49400.000570    2.04053027078252e-05
49450.001720    2.04053717514016e-05
49499.998090    2.04059860345096e-05
49549.999240    2.04058027026557e-05
49600.000380    2.03870527467167e-05
49650.001530    2.03966241574682e-05
49699.997900    2.03867360837402e-05
49749.999050    2.04049265133326e-05
49800.000190    2.04046884184756e-05
49850.001340    2.03855432251990e-05
49899.997710    2.03771837220752e-05
49949.998860    2.03589956704978e-05
50000.000000    2.03584290038646e-05
50050.001140    2.03580575778851e-05
50100.002290    2.03756908716289e-05
50149.998660    2.04017384252581e-05
50199.999810    2.04649430446570e-05
50250.000950    2.05364381173619e-05
