299.999993           1.08398327e-01     
350.000001           1.26378906e-01     
399.999991           1.44319984e-01     
450.000018           1.62216035e-01     
500.000008           1.80061526e-01     
549.999997           1.97851018e-01     
599.999987           2.15579114e-01     
649.999976           2.33240480e-01     
700.000003           2.50829863e-01     
750.000030           2.68342061e-01     
799.999982           2.85771938e-01     
850.000009           3.03114526e-01     
900.000036           3.20364866e-01     
949.999988           3.37518101e-01     
1000.000015          3.54569550e-01     
1049.999967          3.71514539e-01     
1099.999994          3.88348607e-01     
1150.000021          4.05067330e-01     
1199.999973          4.21666409e-01     
1250.000000          4.38141738e-01     
1299.999952          4.54489242e-01     
1350.000054          4.70705100e-01     
1400.000006          4.86785452e-01     
1449.999958          5.02726718e-01     
1500.000060          5.18525460e-01     
1550.000012          5.34178234e-01     
1599.999964          5.49681883e-01     
1650.000066          5.65033391e-01     
1700.000018          5.80229751e-01     
1749.999970          5.95268238e-01     
1800.000072          6.10146275e-01     
1850.000024          6.24861297e-01     
1899.999976          6.39411022e-01     
1949.999928          6.53793271e-01     
2000.000030          6.68006053e-01     
2049.999982          6.82047399e-01     
2099.999934          6.95915614e-01     
2150.000036          7.09609144e-01     
2199.999988          7.23126460e-01     
2249.999940          7.36466297e-01     
2300.000042          7.49627529e-01     
2349.999994          7.62609053e-01     
2399.999946          7.75410021e-01     
2450.000048          7.88029719e-01     
2500.000000          8.00467454e-01     
2549.999952          8.12722776e-01     
2599.999905          8.24795328e-01     
2649.999857          8.36684874e-01     
2700.000107          8.48391376e-01     
2750.000060          8.59914704e-01     
2800.000012          8.71255055e-01     
2849.999964          8.82412670e-01     
2899.999917          8.93387903e-01     
2949.999869          9.04181213e-01     
3000.000119          9.14793228e-01     
3050.000072          9.25224486e-01     
3100.000024          9.35475815e-01     
3149.999976          9.45548072e-01     
3199.999928          9.55442207e-01     
3249.999881          9.65159256e-01     
3300.000131          9.74700396e-01     
3350.000083          9.84066712e-01     
3400.000036          9.93259543e-01     
3449.999988          1.00228024e+00     
3499.999940          1.01113022e+00     
3549.999893          1.01981098e+00     
3600.000143          1.02832412e+00     
3650.000095          1.03667115e+00     
3700.000048          1.04485379e+00     
3750.000000          1.05287376e+00     
3799.999952          1.06073285e+00     
3849.999905          1.06843287e+00     
3899.999857          1.07597569e+00     
3950.000107          1.08336325e+00     
4000.000060          1.09059742e+00     
4050.000012          1.09768023e+00     
4099.999964          1.10461367e+00     
4149.999917          1.11139981e+00     
4199.999869          1.11804071e+00     
4250.000119          1.12453850e+00     
4300.000072          1.13089523e+00     
4350.000024          1.13711307e+00     
4399.999976          1.14319417e+00     
4449.999928          1.14914070e+00     
4499.999881          1.15495485e+00     
4550.000131          1.16063884e+00     
4600.000083          1.16619480e+00     
4650.000036          1.17162498e+00     
4699.999988          1.17693158e+00     
4749.999940          1.18211683e+00     
4799.999893          1.18718292e+00     
4850.000143          1.19213212e+00     
4900.000095          1.19696657e+00     
4950.000048          1.20168850e+00     
5000.000000          1.20630012e+00     
5049.999952          1.21080363e+00     
5099.999905          1.21520120e+00     
5149.999857          1.21949503e+00     
5199.999809          1.22368726e+00     
5249.999762          1.22778007e+00     
5299.999714          1.23177558e+00     
5350.000262          1.23567597e+00     
5400.000215          1.23948326e+00     
5450.000167          1.24319959e+00     
5500.000119          1.24682704e+00     
5550.000072          1.25036768e+00     
5600.000024          1.25382354e+00     
5649.999976          1.25719665e+00     
5699.999928          1.26048901e+00     
5749.999881          1.26370261e+00     
5799.999833          1.26683941e+00     
5849.999785          1.26990135e+00     
5899.999738          1.27289035e+00     
5950.000286          1.27580835e+00     
6000.000238          1.27865714e+00     
6050.000191          1.28143862e+00     
6100.000143          1.28415462e+00     
6150.000095          1.28680693e+00     
6200.000048          1.28939735e+00     
6250.000000          1.29192763e+00     
6299.999952          1.29439950e+00     
6349.999905          1.29681468e+00     
6399.999857          1.29917484e+00     
6449.999809          1.30148165e+00     
6499.999762          1.30373674e+00     
6549.999714          1.30594173e+00     
6600.000262          1.30809823e+00     
6650.000215          1.31020775e+00     
6700.000167          1.31227186e+00     
6750.000119          1.31429206e+00     
6800.000072          1.31626985e+00     
6850.000024          1.31820670e+00     
6899.999976          1.32010403e+00     
6949.999928          1.32196328e+00     
6999.999881          1.32378584e+00     
7049.999833          1.32557306e+00     
7099.999785          1.32732631e+00     
7149.999738          1.32904689e+00     
7200.000286          1.33073614e+00     
7250.000238          1.33239528e+00     
7300.000191          1.33402560e+00     
7350.000143          1.33562831e+00     
7400.000095          1.33720464e+00     
7450.000048          1.33875576e+00     
7500.000000          1.34028284e+00     
7549.999952          1.34178702e+00     
7599.999905          1.34326943e+00     
7649.999857          1.34473117e+00     
7699.999809          1.34617330e+00     
7749.999762          1.34759690e+00     
7799.999714          1.34900300e+00     
7850.000262          1.35039263e+00     
7900.000215          1.35176676e+00     
7950.000167          1.35312639e+00     
8000.000119          1.35447247e+00     
8050.000072          1.35580595e+00     
8100.000024          1.35712774e+00     
8149.999976          1.35843875e+00     
8199.999928          1.35973987e+00     
8249.999881          1.36103195e+00     
8299.999833          1.36231586e+00     
8349.999785          1.36359242e+00     
8399.999738          1.36486245e+00     
8450.000286          1.36612675e+00     
8500.000238          1.36738609e+00     
8550.000191          1.36864124e+00     
8600.000143          1.36989296e+00     
8650.000095          1.37114196e+00     
8700.000048          1.37238899e+00     
8750.000000          1.37363472e+00     
8799.999952          1.37487987e+00     
8849.999905          1.37612509e+00     
8899.999857          1.37737105e+00     
8949.999809          1.37861839e+00     
8999.999762          1.37986774e+00     
9049.999714          1.38111972e+00     
9100.000262          1.38237496e+00     
9150.000215          1.38363400e+00     
9200.000167          1.38489745e+00     
9250.000119          1.38616587e+00     
9300.000072          1.38743981e+00     
9350.000024          1.38871981e+00     
9399.999976          1.39000640e+00     
9449.999928          1.39130010e+00     
9499.999881          1.39260142e+00     
9549.999833          1.39391085e+00     
9599.999785          1.39522887e+00     
9649.999738          1.39655595e+00     
9700.000286          1.39789258e+00     
9750.000238          1.39923917e+00     
9800.000191          1.40059618e+00     
9850.000143          1.40196404e+00     
9900.000095          1.40334318e+00     
9950.000048          1.40473400e+00     
10000.000000         1.40613691e+00     
10049.999950         1.40755230e+00     
10099.999900         1.40898055e+00     
10149.999860         1.41042205e+00     
10199.999810         1.41187715e+00     
10249.999760         1.41334622e+00     
10299.999710         1.41482961e+00     
10349.999670         1.41632765e+00     
10399.999620         1.41602685e+00
10449.999570         1.41936904e+00     
10499.999520         1.42091304e+00     
10549.999480         1.42247298e+00     
10599.999430         1.42404917e+00     
10650.000570         1.42564195e+00     
10700.000520         1.42725153e+00     
10750.000480         1.42887823e+00     
10800.000430         1.43052232e+00     
10850.000380         1.43218408e+00     
10900.000330         1.43386377e+00     
10950.000290         1.43556164e+00     
11000.000240         1.43727795e+00     
11050.000190         1.43901294e+00     
11100.000140         1.44076685e+00     
11150.000100         1.44253991e+00     
11200.000050         1.44433235e+00     
11250.000000         1.44614438e+00     
11299.999950         1.44797623e+00     
11349.999900         1.44982811e+00     
11399.999860         1.45170021e+00     
11449.999810         1.45359275e+00     
11499.999760         1.45550592e+00     
11549.999710         1.45743990e+00     
11599.999670         1.45939489e+00     
11649.999620         1.46137106e+00     
11699.999570         1.46336859e+00     
11749.999520         1.46538766e+00     
11799.999480         1.46742842e+00     
11849.999430         1.46949105e+00     
11900.000570         1.47157576e+00     
11950.000520         1.47368259e+00     
12000.000480         1.47581175e+00     
12050.000430         1.47796339e+00     
12100.000380         1.48013765e+00     
12150.000330         1.48233467e+00     
12200.000290         1.48455459e+00     
12250.000240         1.48679753e+00     
12300.000190         1.48906363e+00     
12350.000140         1.49135302e+00     
12400.000100         1.49366581e+00     
12450.000050         1.49600212e+00     
12500.000000         1.49836208e+00     
12549.999950         1.50074578e+00     
12599.999900         1.50315335e+00     
12649.999860         1.50558489e+00     
12699.999810         1.50804049e+00     
12749.999760         1.51052027e+00     
12799.999710         1.51302432e+00     
12849.999670         1.51555273e+00     
12899.999620         1.51810560e+00     
12949.999570         1.52068302e+00     
12999.999520         1.52328507e+00     
13049.999480         1.52591184e+00     
13099.999430         1.52856341e+00     
13150.000570         1.53123993e+00     
13200.000520         1.53394134e+00     
13250.000480         1.53666778e+00     
13300.000430         1.53941933e+00     
13350.000380         1.54219605e+00     
13400.000330         1.54499802e+00     
13450.000290         1.54782529e+00     
13500.000240         1.55067795e+00     
13550.000190         1.55355604e+00     
13600.000140         1.55645963e+00     
13650.000100         1.55938877e+00     
13700.000500         1.56234355e+00     
13750.000000         1.56532395e+00     
13799.999950         1.56833009e+00     
13849.999900         1.57136200e+00     
13899.999860         1.57441973e+00     
13949.999810         1.57750332e+00     
13999.999760         1.58061283e+00     
14049.999710         1.58374830e+00     
14099.999670         1.58690976e+00     
14149.999620         1.59009727e+00     
14199.999570         1.59331085e+00     
14249.999520         1.59655055e+00     
14299.999480         1.59981641e+00     
14349.999430         1.60310845e+00     
14400.000570         1.60642680e+00     
14450.000520         1.60977132e+00     
14500.000480         1.61314214e+00     
14550.000430         1.61653926e+00     
14600.000380         1.61996273e+00     
14650.000330         1.62341257e+00     
14700.000290         1.62688881e+00     
14750.000240         1.63039147e+00     
14800.000190         1.63392058e+00     
14850.000140         1.63747616e+00     
14900.000100         1.64105822e+00     
14950.000050         1.64466679e+00     
15000.000000         1.64830189e+00     
15049.999950         1.65196354e+00     
15099.999900         1.65565175e+00     
15149.999860         1.65936654e+00     
15199.999810         1.66310792e+00     
15249.999760         1.66687591e+00     
15299.999710         1.67067052e+00     
15349.999670         1.67449176e+00     
15399.999620         1.67833965e+00     
15449.999570         1.68221419e+00     
15499.999520         1.68611540e+00     
15549.999480         1.69004327e+00     
15599.999430         1.69399783e+00     
15650.000570         1.69797917e+00     
15700.000520         1.70198710e+00     
15750.000480         1.70602174e+00     
15800.000430         1.71008307e+00     
15850.000380         1.71417111e+00     
15900.000330         1.71828586e+00     
15950.000290         1.72242732e+00     
16000.000240         1.72659550e+00     
16050.000190         1.73079038e+00     
16100.000140         1.73501198e+00     
16150.000100         1.73926029e+00     
16200.000050         1.74353532e+00     
16250.000000         1.74783705e+00     
16299.999950         1.75216549e+00     
16349.999900         1.75652063e+00     
16399.999860         1.76090248e+00     
16449.999810         1.76531102e+00     
16499.999760         1.76974625e+00     
16549.999710         1.77420816e+00     
16599.999670         1.77869676e+00     
16649.999620         1.78321203e+00     
16699.999570         1.78775397e+00     
16749.999520         1.79232256e+00     
16799.999480         1.79691780e+00     
16849.999430         1.80153969e+00     
16900.000570         1.80618831e+00     
16950.000520         1.81086345e+00     
17000.000480         1.81556521e+00     
17050.000430         1.82029356e+00     
17100.000380         1.82504851e+00     
17150.000330         1.82983003e+00     
17200.000290         1.83463812e+00     
17250.000240         1.83947277e+00     
17300.000190         1.84433396e+00     
17350.000140         1.84922168e+00     
17400.000100         1.85413591e+00     
17450.000050         1.85907664e+00     
17500.000000         1.86404386e+00     
17549.999950         1.86903756e+00     
17599.999900         1.87405771e+00     
17649.999860         1.87910430e+00     
17699.999810         1.88417731e+00     
17749.999760         1.88927674e+00     
17799.999710         1.89440256e+00     
17849.999670         1.89955475e+00     
17899.999620         1.90473330e+00     
17949.999570         1.90993819e+00     
17999.999520         1.91516941e+00     
18049.999480         1.92042693e+00     
18099.999430         1.92571073e+00     
18150.000570         1.93102093e+00     
18200.000520         1.93635725e+00     
18250.000480         1.94171979e+00     
18300.000430         1.94710855e+00     
18350.000380         1.95252349e+00     
18400.000330         1.95796460e+00     
18450.000290         1.96343186e+00     
18500.000240         1.96892525e+00     
18550.000190         1.97444474e+00     
18600.000140         1.97999031e+00     
18650.000100         1.98556194e+00     
18700.000050         1.99115962e+00     
18750.000000         1.99678331e+00     
18799.999950         2.00243300e+00     
18849.999900         2.00810866e+00     
18899.999860         2.01381027e+00     
18949.999810         2.01953781e+00     
18999.999760         2.02529125e+00     
19049.999710         2.03107057e+00     
19099.999670         2.03687575e+00     
19149.999620         2.04270676e+00     
19199.999570         2.04856357e+00     
19249.999520         2.05444617e+00     
19299.999480         2.06035453e+00     
19349.999430         2.06628862e+00     
19400.000570         2.07224856e+00     
19450.000520         2.07823405e+00     
19500.000480         2.08424519e+00     
19550.000430         2.09028197e+00     
19600.000380         2.09634435e+00     
19650.000330         2.10243231e+00     
19700.000290         2.10854583e+00     
19750.000240         2.11468488e+00     
19800.000190         2.12084943e+00     
19850.000140         2.12703945e+00     
19900.000100         2.13325493e+00     
19950.000050         2.13949582e+00     
20000.000000         2.14576211e+00     
20050.001140         2.15205392e+00     
20099.999900         2.15837077e+00     
20150.001050         2.16471323e+00     
20199.999810         2.17108067e+00     
20250.000950         2.17747367e+00     
20399.999620         2.19680333e+00     
20450.000760         2.20329708e+00     
20499.999520         2.20981563e+00     
20550.000670         2.21635958e+00     
20599.999430         2.22292828e+00     
20650.000570         2.22952232e+00     
20699.999330         2.23614105e+00     
20750.000480         2.24278506e+00     
20799.999240         2.24945369e+00     
20850.000380         2.25614756e+00     
20899.999140         2.26286599e+00     
20950.000290         2.26960959e+00     
20999.999050         2.27637769e+00     
21050.000190         2.28317090e+00     
21099.998950         2.28998856e+00     
21150.000100         2.29683127e+00     
21199.998860         2.30369836e+00     
21250.000000         2.31059045e+00     
21300.001140         2.31750718e+00     
21349.999900         2.32444819e+00     
21400.001050         2.33141412e+00     
21449.999810         2.33840426e+00     
21500.000950         2.34541925e+00     
21549.999710         2.35245840e+00     
21600.000860         2.35952233e+00     
21649.999620         2.36661036e+00     
21700.000760         2.37372312e+00     
21749.999520         2.38085990e+00     
21800.000670         2.38802136e+00     
21849.999430         2.39520677e+00     
21900.000570         2.40241680e+00     
21949.999330         2.40965072e+00     
22000.000480         2.41690919e+00     
22049.999240         2.42419148e+00     
22100.000380         2.43149827e+00     
22149.999140         2.43882882e+00     
22200.000290         2.44618379e+00     
22249.999050         2.45356246e+00     
22300.000190         2.46096549e+00     
22349.998950         2.46839216e+00     
22400.000100         2.47584312e+00     
22449.998860         2.48331765e+00     
22500.000000         2.49081641e+00     
22550.001140         2.49833903e+00     
22599.999900         2.50588511e+00     
22650.001050         2.51345534e+00     
22699.999810         2.52104896e+00     
22750.000950         2.52866666e+00     
22799.999710         2.53630768e+00     
22850.000860         2.54397273e+00     
22899.999620         2.55166103e+00     
22950.000760         2.55937328e+00     
22999.999520         2.56710873e+00     
23050.000670         2.57486806e+00     
23099.999430         2.58265052e+00     
23150.000570         2.59045680e+00     
23199.999330         2.59828613e+00     
23250.000480         2.60613923e+00     
23299.999240         2.61401531e+00     
23350.000380         2.62191508e+00     
23399.999140         2.62983777e+00     
23450.000290         2.63778409e+00     
23499.999050         2.64575325e+00     
23550.000190         2.65374598e+00     
23599.998950         2.66176149e+00     
23650.000100         2.66980049e+00     
23699.998860         2.67786221e+00     
23750.000000         2.68594735e+00     
23800.001140         2.69405552e+00     
23849.999900         2.70218629e+00     
23900.001050         2.71034039e+00     
23949.999810         2.71851703e+00     
24000.000950         2.72671693e+00     
24049.999710         2.73493930e+00     
24100.000860         2.74318487e+00     
24149.999620         2.75145283e+00     
24200.000760         2.75974393e+00     
24249.999520         2.76805734e+00     
24300.000670         2.77639383e+00     
24349.999430         2.78475257e+00     
24400.000570         2.79313431e+00     
24449.999330         2.80153823e+00     
24500.000480         2.80996509e+00     
24549.999240         2.81841405e+00     
24600.000380         2.82688589e+00     
24649.999140         2.83537976e+00     
24700.000290         2.84389644e+00     
24749.999050         2.85243507e+00     
24800.000190         2.86099645e+00     
24849.998950         2.86957972e+00     
24900.000100         2.87818566e+00     
24949.998860         2.88681342e+00     
25000.000000         2.89546379e+00     
25050.001140         2.90413631e+00     
25099.999900         2.91283055e+00     
25150.001050         2.92154729e+00     
25199.999810         2.93028567e+00     
25250.000950         2.93904649e+00     
25300.000710         2.94782905e+00     
25350.000860         2.95663363e+00     
25399.999620         2.96545988e+00     
25450.000760         2.97430843e+00     
25499.999520         2.98317841e+00     
25550.000670         2.99207062e+00     
25599.999430         3.00098418e+00     
25650.000570         3.00991990e+00     
25699.999330         3.01887691e+00     
25750.000480         3.02785601e+00     
25799.999240         3.03685632e+00     
25850.000380         3.04587866e+00     
25899.999140         3.05492213e+00     
25950.000290         3.06398757e+00     
25999.999050         3.07307407e+00     
26050.000190         3.08218246e+00     
26099.998950         3.09131184e+00     
26150.000100         3.10046305e+00     
26199.998860         3.10963517e+00     
26250.000000         3.11882905e+00     
26300.001140         3.12804422e+00     
26349.999900         3.13728019e+00     
26400.001050         3.14653782e+00     
26449.999810         3.15581619e+00     
26500.000950         3.16511614e+00     
26549.999710         3.17443675e+00     
26600.000860         3.18377888e+00     
26649.999620         3.19314161e+00     
26700.000760         3.20252578e+00     
26749.999520         3.21193047e+00     
26800.000670         3.22135654e+00     
26849.999430         3.23080306e+00     
26900.000570         3.24027088e+00     
26949.999330         3.24975908e+00     
27000.000480         3.25926853e+00     
27049.999240         3.26879827e+00     
27100.000380         3.27834919e+00     
27149.999140         3.28792034e+00     
27200.000290         3.29751259e+00     
27249.999050         3.30712500e+00     
27300.000190         3.31675844e+00     
27349.998950         3.32641197e+00     
27400.000100         3.33608646e+00     
27449.998860         3.34578097e+00     
27500.000000         3.35549637e+00     
27550.001140         3.36523218e+00     
27599.999900         3.37498788e+00     
27650.001050         3.38476439e+00     
27699.999810         3.39456072e+00     
27750.000950         3.40437778e+00     
27799.999710         3.41421459e+00     
27850.000860         3.42407207e+00     
27899.999620         3.43394922e+00     
27950.000760         3.44384697e+00     
27999.999520         3.45376432e+00     
28050.000670         3.46370220e+00     
28099.999430         3.47365961e+00     
28150.000570         3.48363748e+00     
28199.999330         3.49363481e+00     
28250.000480         3.50365253e+00     
28299.999240         3.51368964e+00     
28350.000380         3.52374706e+00     
28399.999140         3.53382380e+00     
28450.000290         3.54392079e+00     
28499.999050         3.55403703e+00     
28550.000190         3.56417345e+00     
28599.998950         3.57432904e+00     
28650.000100         3.58450474e+00     
28699.998860         3.59469954e+00     
28750.000000         3.60491438e+00     
28800.001140         3.61514874e+00     
28849.999000         3.62540191e+00     
28900.001050         3.63567539e+00     
28949.999810         3.64596760e+00     
29000.000950         3.65627968e+00     
29049.999710         3.66661062e+00     
29100.000860         3.67696135e+00     
29149.999620         3.68733086e+00     
29200.000760         3.69772010e+00     
29249.999520         3.70812805e+00     
29300.000670         3.71855566e+00     
29349.999430         3.72900191e+00     
29400.000570         3.73946774e+00     
29449.999330         3.74995214e+00     
29500.000480         3.76045607e+00     
29549.999240         3.77097849e+00     
29600.000380         3.78152036e+00     
29649.999140         3.79208065e+00     
29700.000290         3.80266034e+00     
29749.999050         3.81325837e+00     
29800.000190         3.82387571e+00     
29849.998950         3.83451134e+00     
29900.000100         3.84516622e+00     
29949.998860         3.85583929e+00     
30000.000000         3.86653156e+00     
30050.001140         3.87724246e+00     
30099.999900         3.88797146e+00     
30150.001050         3.89871955e+00     
30199.999810         3.90948566e+00     
30250.000950         3.92027078e+00     
30300.002100         3.93107437e+00     
30350.000860         3.94189588e+00     
30399.999620         3.95273578e+00     
30450.000760         3.96359457e+00     
30499.999520         3.97447116e+00     
30550.000670         3.98536657e+00     
30599.999430         3.99627971e+00     
30650.000570         4.00721160e+00     
30699.999330         4.01816115e+00     
30750.000480         4.02912938e+00     
30799.999240         4.04011521e+00     
30850.000380         4.05111965e+00     
30899.999140         4.06214161e+00     
30950.000290         4.07318212e+00     
30999.999050         4.08424007e+00     
31050.000190         4.09531651e+00     
31099.998950         4.10641032e+00     
31150.000100         4.11752255e+00     
31199.998860         4.12865209e+00     
31250.000000         4.13979997e+00     
31300.001140         4.15096562e+00     
31349.999900         4.16214848e+00     
31400.001050         4.17334958e+00     
31449.999810         4.18456782e+00     
31500.000950         4.19580423e+00     
31549.999710         4.20705771e+00     
31600.000860         4.21832929e+00     
31649.999620         4.22961787e+00     
31700.000760         4.24092449e+00     
31749.999520         4.25224803e+00     
31800.000670         4.26358955e+00     
31849.999430         4.27494793e+00     
31900.000570         4.28632421e+00     
31949.999330         4.29771728e+00     
32000.000480         4.30912818e+00     
32049.999240         4.32055581e+00     
32100.000380         4.33200120e+00     
32149.999140         4.34346325e+00     
32200.000290         4.35494300e+00     
32249.999050         4.36643933e+00     
32300.000190         4.37795330e+00     
32349.998950         4.38948378e+00     
32400.000100         4.40103184e+00     
32449.998860         4.41259633e+00     
32500.000000         4.42417834e+00     
32550.001140         4.43577726e+00     
32599.999900         4.44739253e+00     
32650.001050         4.45902520e+00     
32699.999810         4.47067414e+00     
32750.000950         4.48234043e+00     
32799.999710         4.49402291e+00     
32850.000860         4.50572267e+00     
32899.999620         4.51743857e+00     
32950.000760         4.52917167e+00     
32999.999520         4.54092084e+00     
33050.000670         4.55268716e+00     
33099.999430         4.56446946e+00     
33150.000570         4.57626886e+00     
33199.999330         4.58808417e+00     
33250.000480         4.59991651e+00     
33299.999240         4.61176470e+00     
33350.000380         4.62362984e+00     
33399.999140         4.63551077e+00     
33450.000290         4.64740860e+00     
33499.999050         4.65932214e+00     
33550.000190         4.67125250e+00     
33599.998950         4.68319852e+00     
33650.000100         4.69516130e+00     
33699.998860         4.70713966e+00     
33750.000000         4.71913472e+00     
33800.001140         4.73114586e+00     
33849.999900         4.74317250e+00     
33900.001050         4.75521573e+00     
33949.999810         4.76727438e+00     
34000.000950         4.77934956e+00     
34049.999710         4.79144009e+00     
34100.000860         4.80354710e+00     
34149.999620         4.81566938e+00     
34200.000760         4.82780808e+00     
34249.999200         4.83996191e+00     
34300.000670         4.85213224e+00     
34349.999430         4.86431764e+00     
34400.000570         4.87651932e+00     
34449.999330         4.88873608e+00     
34500.000480         4.90096907e+00     
34549.999240         4.91321706e+00     
34600.000380         4.92548121e+00     
34649.999140         4.93776031e+00     
34700.000290         4.95005550e+00     
34749.999050         4.96236558e+00     
34800.000190         4.97469168e+00     
34849.998950         4.98703260e+00     
34900.000100         4.99938948e+00     
34949.998860         5.01176112e+00     
35000.000000         5.02414866e+00     
35050.001140         5.03655148e+00     
35099.999900         5.04896895e+00     
35150.001050         5.06140223e+00     
35199.999810         5.07385010e+00     
35250.000950         5.08631371e+00     
35299.999710         5.09879185e+00     
35350.000860         5.11128568e+00     
35399.999620         5.12379396e+00     
35450.000760         5.13631786e+00     
35499.999520         5.14885615e+00     
35550.000670         5.16141001e+00     
35599.999430         5.17397820e+00     
35650.000570         5.18656188e+00     
35699.999330         5.19915983e+00     
35750.000480         5.21177321e+00     
35799.999240         5.22440080e+00     
35850.000380         5.23704375e+00     
35899.999140         5.24970085e+00     
35950.000290         5.26237326e+00     
35999.999050         5.27505974e+00     
36050.000190         5.28776148e+00     
36099.998950         5.30047722e+00     
36150.000100         5.31320815e+00     
36199.998860         5.32595303e+00     
36250.000000         5.33871304e+00     
36300.001140         5.35148754e+00     
36349.999900         5.36427589e+00     
36400.001050         5.37707928e+00     
36449.999810         5.38989646e+00     
36500.000950         5.40272862e+00     
36549.999710         5.41557450e+00     
36600.000860         5.42843530e+00     
36649.999620         5.44130975e+00     
36700.000760         5.45419907e+00     
36749.999520         5.46710199e+00     
36800.000670         5.48001970e+00     
36849.999430         5.49295095e+00     
36900.000570         5.50589694e+00     
36949.999330         5.51885640e+00     
37000.000480         5.53183055e+00     
37049.999240         5.54481810e+00     
37100.000380         5.55782027e+00     
37149.999140         5.57083579e+00     
37200.000290         5.58386588e+00     
37249.999050         5.59690925e+00     
37300.000190         5.60996712e+00     
37349.998950         5.62303821e+00     
37400.000100         5.63612375e+00     
37449.998860         5.64922245e+00     
37500.000000         5.66233554e+00     
37550.001140         5.67546235e+00     
37599.999900         5.68860224e+00     
37650.001050         5.70175643e+00     
37699.999810         5.71492362e+00     
37750.000950         5.72810505e+00     
37799.999710         5.74129943e+00     
37850.000860         5.75450800e+00     
37899.999620         5.76772945e+00     
37950.000760         5.78096502e+00     
37999.999520         5.79421342e+00     
38050.000670         5.80747588e+00     
38099.999430         5.82075112e+00     
38150.000570         5.83404035e+00     
38199.999330         5.84734230e+00     
38250.000480         5.86065820e+00     
38299.999240         5.87398674e+00     
38350.000380         5.88732917e+00     
38399.999140         5.90068420e+00     
38450.000290         5.91405306e+00     
38499.999050         5.92743444e+00     
38550.000190         5.94082960e+00     
38599.998950         5.95423724e+00     
38650.000100         5.96765859e+00     
38699.998860         5.98109235e+00     
38750.000000         5.99453978e+00     
38800.001140         6.00800020e+00     
38849.999900         6.02147294e+00     
38900.001050         6.03495926e+00     
38949.999810         6.04845784e+00     
39000.000950         6.06196995e+00     
39049.999710         6.07549426e+00     
39100.000860         6.08903203e+00     
39149.999620         6.10258196e+00     
39200.000760         6.11614529e+00     
39249.999520         6.12972071e+00     
39300.000670         6.14330949e+00     
39349.999430         6.15691029e+00     
39400.000570         6.17052440e+00     
39449.999330         6.18415047e+00     
39500.000480         6.19778979e+00     
39549.999240         6.21144103e+00     
39600.000380         6.22510545e+00     
39649.999140         6.23878173e+00     
39700.000290         6.25247115e+00     
39749.999050         6.26617236e+00     
39800.000190         6.27988665e+00     
39849.998950         6.29361269e+00     
39900.000100         6.30735175e+00     
39949.998860         6.32110249e+00     
40000.000000         6.33486621e+00     
40050.001140         6.34864221e+00     
40100.002290         6.36243047e+00     
40149.998660         6.37622964e+00     
40199.999810         6.39004233e+00     
40250.000950         6.40386720e+00     
40300.002100         6.41770422e+00     
40349.998470         6.43155203e+00     
40399.999620         6.44541327e+00     
40450.000760         6.45928656e+00     
40500.001910         6.47317190e+00     
40549.998280         6.48706791e+00     
40599.999430         6.50097724e+00     
40650.000570         6.51489853e+00     
40700.001720         6.52883174e+00     
40749.998090         6.54277553e+00     
40799.999240         6.55673252e+00     
40850.000380         6.57070136e+00     
40900.001530         6.58468203e+00     
40949.997900         6.59867315e+00     
40999.999050         6.61267737e+00     
41050.000190         6.62669333e+00     
41100.001340         6.64072101e+00     
41149.997710         6.65475904e+00     
41199.998860         6.66881007e+00     
41250.000000         6.68287272e+00     
41300.001140         6.69694699e+00     
41350.002290         6.71103284e+00     
41399.998660         6.72512890e+00     
41449.999810         6.73923783e+00     
41500.000950         6.75335825e+00     
41550.002100         6.76749016e+00     
41599.998470         6.78163217e+00     
41649.999620         6.79578694e+00     
41700.000760         6.80995311e+00     
41750.001910         6.82413066e+00     
41799.998280         6.83831819e+00     
41849.999430         6.85251839e+00     
41900.000570         6.86672989e+00     
41950.001720         6.88095265e+00     
41999.998090         6.89518529e+00     
42049.999240         6.90943050e+00     
42100.000380         6.92368691e+00     
42150.001530         6.93795447e+00     
42199.997900         6.95223181e+00     
42249.999050         6.96652162e+00     
42300.000190         6.98082251e+00     
42350.001340         6.99513447e+00     
42399.997710         7.00945609e+00     
42449.998860         7.02379009e+00     
42500.000000         7.03813507e+00     
42550.001140         7.05249100e+00     
42600.002290         7.06685787e+00     
42649.998660         7.08123427e+00     
42699.999810         7.09562293e+00     
42750.000950         7.11002244e+00     
42800.002100         7.12443278e+00     
42849.998470         7.13885255e+00     
42899.999620         7.15328448e+00     
42950.000760         7.16772717e+00     
43000.001910         7.18218058e+00     
43049.998280         7.19664332e+00     
43099.999430         7.21111812e+00     
43150.000570         7.22560358e+00     
43200.001720         7.24009966e+00     
43249.998090         7.25460497e+00     
43299.999240         7.26912224e+00     
43350.000380         7.28365007e+00     
43400.001530         7.29818843e+00     
43449.997900         7.31273591e+00     
43499.999050         7.32729526e+00     
43550.000190         7.34186507e+00     
43600.001340         7.35644532e+00     
43649.997710         7.37103457e+00     
43699.998860         7.38563561e+00     
43750.000000         7.40024701e+00     
43800.001140         7.41486874e+00     
43850.002290         7.42950079e+00     
43899.998660         7.44414172e+00     
43949.999810         7.45879432e+00     
44000.000950         7.47345715e+00     
44050.002100         7.48813021e+00     
44099.998470         7.50281205e+00     
44149.999620         7.51750546e+00     
44200.000760         7.53220901e+00     
44250.001910         7.54692268e+00     
44299.998280         7.56164505e+00     
44349.999430         7.57637889e+00     
44400.000570         7.59112278e+00     
44450.001720         7.60587669e+00     
44499.998090         7.62063920e+00     
44549.999240         7.63541309e+00     
44600.000380         7.65019694e+00     
44650.001530         7.66499071e+00     
44699.997900         7.67979298e+00     
44749.999050         7.69460655e+00     
44800.000190         7.70942998e+00     
44850.001340         7.72426324e+00     
44899.997710         7.73910490e+00     
44949.998860         7.75395777e+00     
45000.000000         7.76882040e+00     
45050.001140         7.78369278e+00     
45100.002290         7.79857488e+00     
45149.998660         7.81346525e+00     
45199.999810         7.82836673e+00     
45250.000950         7.84327785e+00     
45300.002100         7.85819860e+00     
45349.998470         7.87312753e+00     
45399.999620         7.88806748e+00     
45450.000760         7.90301698e+00     
45500.001910         7.91797602e+00     
45549.998280         7.93294314e+00     
45599.999430         7.94792119e+00     
45650.000570         7.96290870e+00     
45700.001720         7.97790567e+00     
45749.998090         7.99291062e+00     
45799.999240         8.00792641e+00     
45850.000380         8.02295158e+00     
45900.001530         8.03798611e+00     
45949.997900         8.05302854e+00     
45999.999050         8.06808171e+00     
46050.000190         8.08314418e+00     
46100.001340         8.09821591e+00     
46149.997710         8.11329545e+00     
46199.998860         8.12838566e+00     
46250.000000         8.14348506e+00     
46300.001140         8.15859364e+00     
46350.002290         8.17371139e+00     
46399.998660         8.18883683e+00     
46449.999810         8.20397282e+00     
46500.000950         8.21911791e+00     
46550.002100         8.23427206e+00     
46599.998470         8.24943382e+00     
46649.999620         8.26460606e+00     
46700.000760         8.27978729e+00     
46750.001910         8.29497752e+00     
46799.998280         8.31017525e+00     
46849.999430         8.32538338e+00     
46900.000570         8.34060042e+00     
46950.001720         8.35582636e+00     
46999.998090         8.37105973e+00     
47049.999240         8.38630340e+00     
47100.000380         8.40155591e+00     
47150.001530         8.41681723e+00     
47199.997900         8.43208588e+00     
47249.999050         8.44736476e+00     
47300.000190         8.46265239e+00     
47350.001340         8.47794875e+00     
47399.997710         8.49325235e+00     
47449.998860         8.50856610e+00     
47500.000000         8.52388852e+00     
47550.001140         8.53921958e+00     
47600.002290         8.55455926e+00     
47649.998660         8.56990608e+00     
47699.999810         8.58526294e+00     
47750.000950         8.60062837e+00     
47800.002100         8.61600234e+00     
47849.998470         8.63138335e+00     
47899.999620         8.64677434e+00     
47950.000760         8.66217380e+00     
48000.001910         8.67758172e+00     
48049.998280         8.69299661e+00     
48099.999430         8.70842138e+00     
48150.000570         8.72385455e+00     
48200.001720         8.73929610e+00     
48249.998090         8.75474452e+00     
48299.999240         8.77020276e+00     
48350.000380         8.78566931e+00     
48400.001530         8.80114416e+00     
48449.997900         8.81662580e+00     
48499.999050         8.83211718e+00     
48550.000190         8.84761679e+00     
48600.001340         8.86312462e+00     
48649.997710         8.87863916e+00     
48699.998860         8.89416335e+00     
48750.000000         8.90969570e+00     
48800.001140         8.92523618e+00     
48850.002290         8.94078479e+00     
48899.998660         8.95634000e+00     
48949.999810         8.97190477e+00     
49000.000950         8.98747759e+00     
49050.002100         9.00305846e+00     
49099.998470         9.01864585e+00     
49149.999620         9.03424273e+00     
49200.000760         9.04984758e+00     
49250.001910         9.06546040e+00     
49299.998280         9.08107966e+00     
49349.999430         9.09670833e+00     
49400.000570         9.11234491e+00     
49450.001720         9.12798936e+00     
49499.998090         9.14364018e+00     
49549.999240         9.15930034e+00     
49600.000380         9.17496832e+00     
49650.001530         9.19064410e+00     
49699.997900         9.20632617e+00     
49749.999050         9.22201751e+00     
49800.000190         9.23771659e+00     
49850.001340         9.25342340e+00     
49899.997710         9.26913642e+00     
49949.998860         9.28485863e+00     
50000.000000         9.30058851e+00     
50050.001140         9.31632604e+00     
50100.002290         9.33207121e+00     
50149.998660         9.34782249e+00     
50199.999810         9.36358287e+00     
50250.000950         9.37935082e+00     
