# DATE: 2024-09-30 UNITS: metal COMMENT: Electron temperature on 10x10x10 grid at step 400000 - created by fix ttm
1 1 1    311.3966832833829
2 1 1    291.3155077874837
3 1 1    327.1169306870964
4 1 1    315.6539066154541
5 1 1    305.2029497485036
6 1 1    316.9316786230809
7 1 1     286.655411828943
8 1 1    304.6616037574894
9 1 1    307.5085670234839
10 1 1    299.7951373298218
1 2 1    296.4776898107374
2 2 1    311.2296401683615
3 2 1     320.927179082008
4 2 1    293.0008929085224
5 2 1    299.3232052642366
6 2 1    313.9026890974286
7 2 1    288.3118344641291
8 2 1    280.4432484345364
9 2 1    283.9053527673075
10 2 1    308.3739547867966
1 3 1    278.7608829317335
2 3 1    325.9594850574312
3 3 1    338.9473997040203
4 3 1    325.8627149268418
5 3 1    302.2680653314715
6 3 1    277.4373551779822
7 3 1    329.3892613807555
8 3 1    309.3366225738299
9 3 1     304.195679301457
10 3 1    308.5064860562384
1 4 1    285.1287306700319
2 4 1    294.0772706140738
3 4 1    295.1513116000816
4 4 1    300.4092588207311
5 4 1     285.191757776334
6 4 1     279.016571019701
7 4 1    310.0452296746758
8 4 1    297.0494680773119
9 4 1    287.6265568790193
10 4 1    268.1594688081016
1 5 1    280.5019025332142
2 5 1    305.3336164635276
3 5 1    301.0531759617543
4 5 1    345.2084091675553
5 5 1    289.9845857374014
6 5 1    296.5928941265402
7 5 1    280.0578616050446
8 5 1    300.0809081408909
9 5 1    298.1786376027911
10 5 1    292.8354490031654
1 6 1    309.8781625778626
2 6 1    280.7652376522874
3 6 1    311.6318765904922
4 6 1    307.7152293273762
5 6 1    311.9360125364539
6 6 1    300.1921542507246
7 6 1    299.3836581896776
8 6 1    321.9053729937783
9 6 1    320.6226524784284
10 6 1    281.8777934441856
1 7 1    290.2258792511636
2 7 1    304.8122547894227
3 7 1    285.7426628721718
4 7 1    309.8280566496297
5 7 1    304.3367554202079
6 7 1     280.689633215685
7 7 1    297.2208931287017
8 7 1    310.4140747320715
9 7 1    298.5975713215173
10 7 1    279.6484396894105
1 8 1    268.5704563915765
2 8 1    285.2537441800999
3 8 1    291.5676187399372
4 8 1    305.4946558043247
5 8 1    296.9425697596378
6 8 1    309.9895428480983
7 8 1    318.3169331272743
8 8 1    293.1354453274927
9 8 1    295.8515497648202
10 8 1    288.6382713157423
1 9 1    297.6573756796124
2 9 1    255.7656787821433
3 9 1    287.3888915611948
4 9 1    291.1090949294668
5 9 1     304.646824855073
6 9 1    303.8134250727272
7 9 1     310.804834833559
8 9 1    309.7397183551375
9 9 1    313.1394883459684
10 9 1    272.9429063906654
1 10 1    283.3293841881137
2 10 1    280.0466053658456
3 10 1    298.4071423507041
4 10 1    287.1021570053445
5 10 1     301.981002834077
6 10 1     302.383553828719
7 10 1    298.9843333677373
8 10 1    300.0742869815231
9 10 1    292.2385413392205
10 10 1    288.8553184344412
1 1 2    297.5292493799416
2 1 2    299.3168973319547
3 1 2    290.4578776367628
4 1 2    336.1903512643154
5 1 2    288.2260856641429
6 1 2    290.2002395492393
7 1 2    295.7024664013984
8 1 2    299.5417577849514
9 1 2    299.9191911795925
10 1 2    291.2106090605634
1 2 2    288.5680798806233
2 2 2      288.34873847804
3 2 2    316.0279298200715
4 2 2    275.5882662504123
5 2 2    286.8822530358952
6 2 2    295.0818857088552
7 2 2    315.9407266614773
8 2 2    313.7395191904284
9 2 2    283.6358605245267
10 2 2    296.6860903760912
1 3 2    274.0892834402267
2 3 2    289.2245006330346
3 3 2    292.9908160382686
4 3 2    285.7655133210638
5 3 2    303.9022991910514
6 3 2    294.0713260496643
7 3 2      322.98497851781
8 3 2    287.7309279684231
9 3 2    294.3266826339391
10 3 2    278.9539791592329
1 4 2    267.7291151341431
2 4 2    281.8184436541444
3 4 2    293.6174296243281
4 4 2    299.7937554735841
5 4 2    334.2744687055408
6 4 2    303.6904358566827
7 4 2    308.2524173986509
8 4 2    290.6515674683053
9 4 2      283.58817593894
10 4 2    326.3894271832161
1 5 2    305.6439914251546
2 5 2    266.2793318288984
3 5 2    264.7863758827484
4 5 2    304.2841165494087
5 5 2    303.9326544780552
6 5 2    306.2455781481534
7 5 2     296.833108911876
8 5 2    301.9090807884663
9 5 2    304.4549240251926
10 5 2    307.4989307740875
1 6 2    295.1809000269383
2 6 2    276.3130666431788
3 6 2    307.2971313328384
4 6 2    301.1932518780699
5 6 2    282.6691155813519
6 6 2    314.5212996311932
7 6 2    305.4344687142294
8 6 2    308.8085248492953
9 6 2     292.306242611225
10 6 2    303.5981784461823
1 7 2    308.3701688917202
2 7 2    284.9053486934798
3 7 2    308.9656551910505
4 7 2    279.7680581787794
5 7 2    285.1594927396346
6 7 2    285.8183343495156
7 7 2    312.1045258819593
8 7 2    319.5806978904993
9 7 2    295.9364107359061
10 7 2    288.7640385760863
1 8 2    279.0347500475197
2 8 2    270.9783411235782
3 8 2    289.0827665315758
4 8 2    288.3656280394448
5 8 2    304.3183949629427
6 8 2    310.7210356075323
7 8 2    302.3653395595801
8 8 2    312.5041067982933
9 8 2    315.7992661193284
10 8 2    276.8712543282262
1 9 2    296.1434030986546
2 9 2    288.5741887973918
3 9 2    325.5862433439311
4 9 2      299.46281453573
5 9 2    316.1826809969778
6 9 2    299.5152312320953
7 9 2    309.1999506978547
8 9 2    295.4831865214837
9 9 2    290.1997323146038
10 9 2    274.0100818318653
1 10 2    307.4179950280777
2 10 2    289.3250088737062
3 10 2    310.5055533592901
4 10 2    310.0030945290326
5 10 2    292.9434549075505
6 10 2    301.7594073775436
7 10 2    285.8073840240507
8 10 2    285.2636219886969
9 10 2    304.3394725072447
10 10 2    310.3338115502311
1 1 3    309.8351407400901
2 1 3    286.4593809002895
3 1 3    313.7274543380743
4 1 3    296.5434872634219
5 1 3    300.3573899018089
6 1 3    298.9179359878107
7 1 3    307.6292246767985
8 1 3      306.70784779139
9 1 3    278.5838889494953
10 1 3    272.1902465996392
1 2 3    288.3049310509941
2 2 3    280.9883730347779
3 2 3    296.7848941344515
4 2 3    283.5942215218503
5 2 3    293.9328391300902
6 2 3    270.3401264027938
7 2 3    307.9340271148945
8 2 3    323.8474026606232
9 2 3    305.9119490558629
10 2 3    290.0600863827677
1 3 3     277.083703512616
2 3 3    298.1446625454626
3 3 3    299.3182783601285
4 3 3    298.7180676074748
5 3 3    280.5420867627577
6 3 3    322.9843880196239
7 3 3    299.5664736768987
8 3 3    319.0713511214078
9 3 3    302.9339321523823
10 3 3    302.1579052190348
1 4 3    290.1847701981918
2 4 3    294.4121067519945
3 4 3    296.8148658069259
4 4 3    292.2942349438604
5 4 3    309.3744399469745
6 4 3     304.649468474537
7 4 3     317.524093098608
8 4 3    305.0676564876189
9 4 3    307.9833051126776
10 4 3    326.6819234426034
1 5 3    303.8215659377728
2 5 3     300.120691257955
3 5 3    305.6539595347517
4 5 3    304.6901234326861
5 5 3     287.279538962859
6 5 3    275.3836678660647
7 5 3    301.9938568787807
8 5 3    305.9281172131297
9 5 3    261.7228329876521
10 5 3     303.415650252284
1 6 3    293.6530881690077
2 6 3    316.1181742858133
3 6 3    274.1571388486906
4 6 3      306.07343192276
5 6 3    287.2442304781288
6 6 3    285.3359682549278
7 6 3     294.469183008342
8 6 3    313.8153022054138
9 6 3    302.1150834599761
10 6 3    307.5339534262694
1 7 3    308.5382211961125
2 7 3    271.9426354749776
3 7 3    313.4531295963415
4 7 3    304.0576867222637
5 7 3    307.2913624013519
6 7 3    252.9286599429078
7 7 3    278.9490915324095
8 7 3    303.6238908019042
9 7 3    299.4812112989713
10 7 3    287.4869620856088
1 8 3    283.5057809709608
2 8 3    253.5110223216815
3 8 3    292.1485642721366
4 8 3    277.7598287880614
5 8 3    291.0733385624368
6 8 3    294.5349569060079
7 8 3    308.8063536217953
8 8 3    302.2465671793041
9 8 3    321.9335420542283
10 8 3    304.5035179135846
1 9 3    283.7835177301426
2 9 3     277.882530204774
3 9 3    306.4680333456266
4 9 3    310.4589141270236
5 9 3    302.3011935325546
6 9 3    300.8560228104465
7 9 3    280.3671465662252
8 9 3    290.8410790792031
9 9 3     274.404224480284
10 9 3     300.275973102504
1 10 3    283.5826754089287
2 10 3     298.623079806322
3 10 3    333.5559182346007
4 10 3    308.6743046977491
5 10 3    295.0401488994693
6 10 3     287.663666213576
7 10 3    305.0137799092604
8 10 3    280.2495035823452
9 10 3    295.6241147272723
10 10 3    291.2619630943194
1 1 4    312.1229870723253
2 1 4    280.3850340245601
3 1 4    288.3050427518984
4 1 4    315.1372545135692
5 1 4     327.180986494053
6 1 4    293.3070933163697
7 1 4     315.909570713652
8 1 4    282.5301808712073
9 1 4    313.0954725839276
10 1 4    316.8502190151903
1 2 4    303.6405566334275
2 2 4    274.1887678678577
3 2 4    295.5694308745111
4 2 4    305.1509122660106
5 2 4    297.7092979321864
6 2 4    307.4966018968146
7 2 4    294.2470946306203
8 2 4    337.2013097615451
9 2 4    291.8690192385395
10 2 4    289.3625306836253
1 3 4      323.90983077837
2 3 4    328.3933626261692
3 3 4    299.2008595673055
4 3 4    292.3858708383653
5 3 4    321.1192008956496
6 3 4     300.696938078288
7 3 4    299.0093053734104
8 3 4    293.0851060061746
9 3 4    303.5095379772007
10 3 4    320.2213013654828
1 4 4     291.988309765717
2 4 4    338.5099885863746
3 4 4    301.3878606526409
4 4 4    281.0185726676831
5 4 4    304.0650860654217
6 4 4    301.3107655374317
7 4 4    306.7381845058837
8 4 4    277.4258962465988
9 4 4     307.705652565426
10 4 4     319.122670036446
1 5 4    308.2787704705764
2 5 4    320.2617700160333
3 5 4    326.9053981860426
4 5 4    301.3509390391138
5 5 4     303.168840481085
6 5 4    304.8275086518722
7 5 4    304.0160487822334
8 5 4    298.7144120188705
9 5 4    334.5962386088884
10 5 4     308.289403645247
1 6 4    290.5557830418826
2 6 4    322.1425534457779
3 6 4    313.5722669983747
4 6 4    313.1861995668108
5 6 4    279.4898531789413
6 6 4    313.1715356646429
7 6 4    296.1814676758211
8 6 4    277.1878668668111
9 6 4    305.0305385624299
10 6 4    302.0975963151012
1 7 4     321.804052062185
2 7 4    288.9229312178572
3 7 4    298.5769834296927
4 7 4    279.0318532347292
5 7 4    286.9597984531633
6 7 4    294.3139308190583
7 7 4    303.5434380406285
8 7 4    303.0615725931688
9 7 4    311.2621364037054
10 7 4    320.7743334047587
1 8 4    296.2981831645089
2 8 4    284.9040366898221
3 8 4    294.9000170035367
4 8 4     277.733055282077
5 8 4    265.4457605769068
6 8 4    309.6150332185728
7 8 4    306.7335443962615
8 8 4    286.9612256345696
9 8 4    300.7297971182809
10 8 4     309.101722857844
1 9 4    277.7253532745997
2 9 4    301.4250482947793
3 9 4    309.2820957045752
4 9 4    309.4087739800247
5 9 4    315.9912384304154
6 9 4     303.688619259698
7 9 4    279.3360529961665
8 9 4    279.9543097565585
9 9 4    291.5661069989152
10 9 4    312.7721784214678
1 10 4    293.8198764775726
2 10 4    294.9971499840274
3 10 4    286.5096883223421
4 10 4    292.2998000738651
5 10 4    292.2169202028514
6 10 4    294.2356974380122
7 10 4    297.8071798055336
8 10 4     293.139117031857
9 10 4    305.8502080966011
10 10 4    293.6758281126657
1 1 5    297.3123184224809
2 1 5    300.6861968310046
3 1 5    308.0849783473851
4 1 5    299.8514568331533
5 1 5    329.7842989938107
6 1 5    303.9395343554689
7 1 5    295.2812829326462
8 1 5    305.6268875563441
9 1 5    314.0266839173775
10 1 5    302.3473977568283
1 2 5    308.1639273770431
2 2 5    264.7991425356602
3 2 5    285.7177578009819
4 2 5    290.9837462591018
5 2 5    297.3261852536739
6 2 5    306.5015966824473
7 2 5    266.1634229696717
8 2 5    314.3098421702661
9 2 5    306.9912936077679
10 2 5    328.6545147576325
1 3 5    337.6923543091573
2 3 5    299.9009808135082
3 3 5    297.4558122096095
4 3 5    295.1700992874178
5 3 5    322.7033547077777
6 3 5    306.3802997876722
7 3 5    296.5890192980878
8 3 5    303.1664576270663
9 3 5    280.3104252435662
10 3 5    284.3074613895864
1 4 5    314.4917022481085
2 4 5    312.8540644995058
3 4 5    324.1001698241589
4 4 5    281.6744491606579
5 4 5    285.9672992362526
6 4 5    276.8561043887877
7 4 5    282.2369561775349
8 4 5    294.4667491767451
9 4 5    300.1700439204608
10 4 5    296.7127891884099
1 5 5    298.0998816642502
2 5 5    312.2888646284713
3 5 5    336.8764543353364
4 5 5    283.7651721007832
5 5 5    269.7275733431717
6 5 5    281.6057457212919
7 5 5    301.8881573963293
8 5 5    313.4851426195752
9 5 5    315.8454497081839
10 5 5    324.2854898891987
1 6 5    286.7474511019634
2 6 5    285.7846734169218
3 6 5    295.3899238390833
4 6 5     288.668930079798
5 6 5    275.0751112782497
6 6 5    301.3946201802304
7 6 5    315.4080925485944
8 6 5    320.1247482323394
9 6 5    310.2277415457726
10 6 5    305.6726246666278
1 7 5    284.9601809657848
2 7 5    271.3530620609661
3 7 5     264.100898328533
4 7 5    285.3644774030001
5 7 5    298.9084889436713
6 7 5    301.4203369356322
7 7 5    306.3366037665821
8 7 5    297.5554872477958
9 7 5    355.4529426025941
10 7 5    322.4160927294515
1 8 5    284.7648026463359
2 8 5     297.011796216364
3 8 5    276.9944157316504
4 8 5    311.8718916010381
5 8 5    275.4932169315858
6 8 5    297.6030148794035
7 8 5    276.0201149730549
8 8 5    305.6608391069014
9 8 5    292.2251977112802
10 8 5    273.4441572134929
1 9 5    293.9520465664738
2 9 5    319.6291751845517
3 9 5    320.4170741951697
4 9 5    297.9148447587847
5 9 5    317.7996944822224
6 9 5    308.9370143065395
7 9 5     283.295784687481
8 9 5    303.9835759407449
9 9 5    314.6332176359095
10 9 5    299.3751003909471
1 10 5      320.32940667987
2 10 5    323.2878397335276
3 10 5    302.6206864605267
4 10 5    308.0186697839406
5 10 5    296.7602139196309
6 10 5    274.0011459350674
7 10 5    297.0678658068608
8 10 5    295.4824713728401
9 10 5    324.6330487285368
10 10 5    313.1625834162063
1 1 6    317.8009224592619
2 1 6    304.9116672837196
3 1 6    303.1102317390804
4 1 6    285.8480814087478
5 1 6    315.2581855756512
6 1 6    309.5149809844646
7 1 6    283.9263659535567
8 1 6    288.6412368959578
9 1 6    291.9042422430412
10 1 6    299.9451539551461
1 2 6    352.7520429233335
2 2 6    290.6794468690829
3 2 6    300.3462565591879
4 2 6     292.003543863443
5 2 6    316.4169692480693
6 2 6    304.3198311053446
7 2 6    293.0962195034077
8 2 6    308.9498196773674
9 2 6    300.2489623956724
10 2 6     323.339384080861
1 3 6      315.86001838498
2 3 6    287.1599567309289
3 3 6    288.7513622817964
4 3 6    313.2151370385252
5 3 6    306.6243180283204
6 3 6    321.7496564034834
7 3 6    302.7664248240859
8 3 6    318.4545739571291
9 3 6    290.1120582469464
10 3 6    298.6307621592404
1 4 6    309.1662767661935
2 4 6    319.2661179177407
3 4 6     312.311466094738
4 4 6    296.6236833595019
5 4 6    302.8512882884556
6 4 6    307.5474643935521
7 4 6    289.0847528134154
8 4 6     310.715235109157
9 4 6    303.5547841382649
10 4 6    313.4339226546993
1 5 6    305.9741474705735
2 5 6    305.6952053954031
3 5 6    318.0647537076365
4 5 6     278.707358954643
5 5 6    280.6293832113167
6 5 6    298.1586804319269
7 5 6    337.4516390765791
8 5 6    325.1171878432953
9 5 6    336.2013157738719
10 5 6    311.9169565157823
1 6 6    316.5419384743317
2 6 6    298.5013670695132
3 6 6    301.0106125098652
4 6 6    289.2860831693584
5 6 6    296.7020396929876
6 6 6    323.6429288193046
7 6 6     329.738079259462
8 6 6    312.2698405014211
9 6 6      289.93618399629
10 6 6    308.5094301443383
1 7 6    294.0979892207049
2 7 6      260.88781806076
3 7 6     304.836901088251
4 7 6     296.846478298307
5 7 6     259.261708837256
6 7 6    311.8237315685745
7 7 6    310.8531901129073
8 7 6    310.9467787206736
9 7 6    302.1028665361382
10 7 6    319.2189435353275
1 8 6    271.3784833654796
2 8 6    297.6151152725532
3 8 6    279.3762939579315
4 8 6    296.2473321161564
5 8 6    281.6463862264349
6 8 6    294.2941505384435
7 8 6      294.21253766985
8 8 6    315.9264438561802
9 8 6    282.3028280341366
10 8 6    266.0478298972247
1 9 6    289.2016088788869
2 9 6    298.0397854440155
3 9 6    316.0034963368205
4 9 6    307.3529957833525
5 9 6    278.4341248802407
6 9 6     298.863527687184
7 9 6    289.1440845245537
8 9 6    306.1459863021315
9 9 6    306.6591764313383
10 9 6     286.443512595416
1 10 6    314.0038631984761
2 10 6    297.7373137430793
3 10 6    316.0380783859291
4 10 6    304.7733878456777
5 10 6    298.7058718832765
6 10 6    321.5374523921414
7 10 6    335.1659387265499
8 10 6    303.0577350625004
9 10 6    308.5718782344514
10 10 6    332.1352864431466
1 1 7    316.8581266585815
2 1 7    280.9716008125696
3 1 7    303.4156274478169
4 1 7    300.7394012447297
5 1 7    301.8883651206884
6 1 7    316.1704507454772
7 1 7    270.9882520178444
8 1 7    312.3633790201245
9 1 7    303.5492505564658
10 1 7    327.1668825767768
1 2 7    306.4430551904699
2 2 7     281.868812117766
3 2 7    310.3662035638235
4 2 7     294.502179059067
5 2 7    290.6962811253552
6 2 7    263.4775221149373
7 2 7    278.5289191119762
8 2 7    305.2993967209777
9 2 7    305.3352062065017
10 2 7    281.7787577568831
1 3 7    299.4349503745481
2 3 7    303.7583618085066
3 3 7    316.5024391977967
4 3 7    293.9061137314484
5 3 7    295.0703956085425
6 3 7    313.3889444733519
7 3 7    298.9193863574097
8 3 7    332.9998651807172
9 3 7    309.1272173634139
10 3 7    276.2082895907494
1 4 7    285.5285351220604
2 4 7    309.1117752989026
3 4 7    302.7861626510301
4 4 7    287.1117406019931
5 4 7    289.0413195429492
6 4 7    312.0913125160229
7 4 7    291.1708890388622
8 4 7    334.9867377341068
9 4 7     298.649866629315
10 4 7    320.3749448649403
1 5 7    315.1967344910545
2 5 7    294.0514837320561
3 5 7    284.4781489629434
4 5 7    271.1770779097529
5 5 7    272.8904821648447
6 5 7    299.6987531256221
7 5 7     282.722123810981
8 5 7    305.3907181834622
9 5 7    303.4071498042246
10 5 7    309.6930312934147
1 6 7    293.2615112601609
2 6 7    291.2384729072926
3 6 7    300.9839867144816
4 6 7    284.5942654720034
5 6 7    290.9360737690529
6 6 7    299.9517086522976
7 6 7    318.0964076975146
8 6 7    308.8467936406624
9 6 7    300.4345242917366
10 6 7    299.4689919124934
1 7 7    285.5839770829167
2 7 7    290.1046316130343
3 7 7    302.9663938707688
4 7 7      325.75654779419
5 7 7    327.5639542031566
6 7 7    313.9084342183849
7 7 7    313.1528192185738
8 7 7    306.4664471266939
9 7 7    288.5624726900069
10 7 7    288.9582795984862
1 8 7     306.282736059668
2 8 7    297.9747647968616
3 8 7     290.345486374826
4 8 7    308.2618522426133
5 8 7    318.3873883516158
6 8 7       307.2785532099
7 8 7    301.8852832607844
8 8 7     278.697186536219
9 8 7    296.2637937749196
10 8 7    279.7700056379609
1 9 7    281.6311272398708
2 9 7    299.4702473197968
3 9 7    292.9948843473193
4 9 7    308.3744960330625
5 9 7    282.6586194497047
6 9 7    299.4660894188406
7 9 7    272.4287833591995
8 9 7    296.8610067366091
9 9 7    313.7490064046304
10 9 7    287.5865463050008
1 10 7    298.9198640240107
2 10 7    329.2142157026531
3 10 7    321.0455723642109
4 10 7    283.2350096176861
5 10 7    292.8130411951756
6 10 7    294.4917726618191
7 10 7     308.727426917011
8 10 7     306.379486783866
9 10 7    291.0886124053065
10 10 7    287.6138837446366
1 1 8    309.9129896618679
2 1 8    308.0080082120627
3 1 8    309.5924161924711
4 1 8     275.249015157503
5 1 8    305.4600414475311
6 1 8    310.7513792711161
7 1 8     310.742756328264
8 1 8    308.2762383288782
9 1 8    318.0368987834747
10 1 8    292.3349532359634
1 2 8    276.3390357784986
2 2 8    316.7307748490344
3 2 8    279.0678655110714
4 2 8     274.094839600808
5 2 8    287.5191902035768
6 2 8    306.7450494268759
7 2 8    308.1763752382312
8 2 8    333.0248279193743
9 2 8    303.2613947051294
10 2 8    281.6196796533172
1 3 8    293.8018880594857
2 3 8    305.5745808767244
3 3 8    298.1247004465424
4 3 8    285.7728516970722
5 3 8     293.473029775559
6 3 8    310.6539373600879
7 3 8    323.4820685061146
8 3 8    299.7184562318947
9 3 8    284.1199495906582
10 3 8    286.4529616682768
1 4 8    274.4005123083975
2 4 8    310.3350369143959
3 4 8    273.6496957485933
4 4 8     293.448760176863
5 4 8    295.4553204498798
6 4 8    314.7097453198566
7 4 8    314.2611453084166
8 4 8    312.0420897480807
9 4 8    284.9144963546281
10 4 8    318.8380304910723
1 5 8    331.8442231037509
2 5 8    301.9971617225135
3 5 8    322.2187272304108
4 5 8    294.6079657553923
5 5 8    270.1849339743874
6 5 8    292.5159993262188
7 5 8    304.4375448623427
8 5 8     291.501215119854
9 5 8    289.3328991720328
10 5 8    311.7806498806818
1 6 8    317.2286543080564
2 6 8    318.8220043305708
3 6 8     312.136000763717
4 6 8     294.588229287222
5 6 8    292.4343907164697
6 6 8    312.7536493033709
7 6 8    300.1431176741746
8 6 8    290.2971507213946
9 6 8    296.9199016029002
10 6 8    310.7425585118654
1 7 8     282.761138752599
2 7 8    317.3219980960537
3 7 8     332.445975678757
4 7 8    321.1884074393401
5 7 8    325.4572087087174
6 7 8    298.1130568609154
7 7 8    317.2067488707393
8 7 8     300.875361215795
9 7 8    308.7854038069673
10 7 8    288.2558934228892
1 8 8    297.1674800775647
2 8 8    319.7322856617691
3 8 8    302.9946453793297
4 8 8    286.7708222131719
5 8 8    321.7380692490179
6 8 8    325.2200119456537
7 8 8    331.7985693264207
8 8 8    284.7590875710331
9 8 8    305.0477045132193
10 8 8    267.6825189167573
1 9 8    313.7724183749609
2 9 8    304.0684809257052
3 9 8    317.0888772525854
4 9 8    303.5647852303173
5 9 8    301.1434100604713
6 9 8    319.6356435540791
7 9 8    339.8525021370306
8 9 8    274.4235613055667
9 9 8    296.1876299094179
10 9 8    268.5293885990824
1 10 8    295.8863076499465
2 10 8    315.7620670850656
3 10 8    291.5099357053756
4 10 8    309.1111065214209
5 10 8    302.3151773085863
6 10 8    317.7458288789264
7 10 8    340.1061758155265
8 10 8    276.3349988893177
9 10 8    288.4301163141219
10 10 8    302.9390398353161
1 1 9    289.1391834997963
2 1 9    282.5530852817016
3 1 9    289.6262090502404
4 1 9    309.2462867378219
5 1 9     295.120368532435
6 1 9     307.771074752458
7 1 9     298.768683111649
8 1 9     300.986321491336
9 1 9    308.4192736554103
10 1 9    302.1069277747656
1 2 9    280.8456085772281
2 2 9    288.6018978878226
3 2 9    313.5079952958218
4 2 9    289.6947871438097
5 2 9     301.530416013917
6 2 9    319.9954442058932
7 2 9    278.1987785354644
8 2 9     298.451579080471
9 2 9    301.7279099218877
10 2 9     301.231127476539
1 3 9    289.8877276978459
2 3 9    297.0361777715574
3 3 9    324.4402043188268
4 3 9    280.8250081630199
5 3 9    286.9535331030336
6 3 9    312.8676061152806
7 3 9     344.176938850007
8 3 9    295.0456430744783
9 3 9     281.296671494611
10 3 9    322.2039175998904
1 4 9    291.9536202741953
2 4 9    284.1092435226447
3 4 9    296.4713599202128
4 4 9    319.9499318725574
5 4 9    279.2550870588739
6 4 9    277.0748418146104
7 4 9    310.5338710310384
8 4 9    322.4170890149337
9 4 9     301.009211512235
10 4 9    304.6837167472071
1 5 9    316.6945625146819
2 5 9    312.0982760233665
3 5 9    327.1975160798731
4 5 9    302.4655160629219
5 5 9    290.6883917903685
6 5 9    295.6510516506057
7 5 9    311.9444290285253
8 5 9    312.5765302786372
9 5 9    316.8400491583323
10 5 9    305.2810345121546
1 6 9    292.9251092059634
2 6 9    315.9086776759512
3 6 9    310.9157016889267
4 6 9     295.615662603562
5 6 9    292.1674154119481
6 6 9    310.3308596209974
7 6 9    287.1347389603499
8 6 9    315.5445078209913
9 6 9      292.68861801808
10 6 9    301.0675871035282
1 7 9    290.5726513383603
2 7 9    281.1000616515651
3 7 9    306.0156105173705
4 7 9    285.9876135876573
5 7 9    314.4390364857197
6 7 9    309.8007021660629
7 7 9     315.696486930017
8 7 9    299.9198509038181
9 7 9    281.6161130444845
10 7 9    307.0882994929115
1 8 9    282.8157598152004
2 8 9    317.7606923060819
3 8 9    289.1850644752547
4 8 9    269.2449120100187
5 8 9    328.0503730345706
6 8 9     337.314403246718
7 8 9    287.1041767744222
8 8 9    281.3534697287127
9 8 9     285.092484809447
10 8 9    307.6750668689396
1 9 9    285.7883757328807
2 9 9     284.359667038411
3 9 9    329.0444182529682
4 9 9    318.0138383342356
5 9 9    287.7130208233866
6 9 9    313.7707419171036
7 9 9    289.3280116235262
8 9 9     290.034226330143
9 9 9    299.6503440370371
10 9 9     288.947275395435
1 10 9    317.6669509669412
2 10 9     290.540848161103
3 10 9    301.7455645506319
4 10 9    314.3591338428894
5 10 9    296.7556869541084
6 10 9    312.9651966627984
7 10 9    301.0591858170376
8 10 9      275.83279478288
9 10 9    291.7714329490513
10 10 9    296.9620081677257
1 1 10      291.99103902345
2 1 10    286.2344383546611
3 1 10    303.3066313229193
4 1 10    285.8479899653942
5 1 10    302.6716701249915
6 1 10    309.5846022769179
7 1 10    300.7451070014537
8 1 10    310.4629417926705
9 1 10    301.8405506827492
10 1 10    284.3850299843525
1 2 10     267.762823923841
2 2 10    293.1944058134199
3 2 10     313.732073901355
4 2 10     309.760727708766
5 2 10    316.6325955812785
6 2 10    321.3526477461296
7 2 10    310.2398498347313
8 2 10    288.8730633713092
9 2 10    295.4619745078022
10 2 10    274.4167162567642
1 3 10    328.5401273386134
2 3 10    285.4338426020239
3 3 10    318.9604453534595
4 3 10    285.3305615535771
5 3 10    304.4176681372928
6 3 10    324.1404242903699
7 3 10    332.8852950872111
8 3 10    323.4447371642177
9 3 10    294.3443658873683
10 3 10    293.2489612983989
1 4 10    286.2680121658673
2 4 10    290.5540483428067
3 4 10    299.2808410335196
4 4 10    306.5317285514043
5 4 10    289.2130582616871
6 4 10     301.938317614527
7 4 10    292.2931449873022
8 4 10    270.9467728623043
9 4 10    266.2080117037647
10 4 10    269.2519231835008
1 5 10    301.3987841149852
2 5 10    317.2049776774653
3 5 10    301.5588317137065
4 5 10     282.585315978145
5 5 10    302.2874787524757
6 5 10    291.9676148786624
7 5 10    280.2769009655097
8 5 10    304.0588875278584
9 5 10    294.9133449832664
10 5 10    316.6078169026853
1 6 10    282.3164817299918
2 6 10    308.6079792320187
3 6 10    320.2764171437796
4 6 10    290.4881327096723
5 6 10    283.8570648211132
6 6 10    299.7076120035847
7 6 10    292.9053800573413
8 6 10    322.6899763295983
9 6 10    264.8191841650128
10 6 10    293.7476759859541
1 7 10     287.181312480984
2 7 10    292.7091084107575
3 7 10    283.7917328064083
4 7 10      289.63605254221
5 7 10    336.6191957502572
6 7 10    313.2465785016741
7 7 10    334.7079757352609
8 7 10    300.6614123991767
9 7 10    282.8779681642426
10 7 10    299.9242513356938
1 8 10    298.9438006692916
2 8 10    298.7320597752285
3 8 10    276.4452788116555
4 8 10    273.9750868586245
5 8 10    286.0037190291117
6 8 10     291.877703474981
7 8 10    313.6751041556387
8 8 10    284.6032408633258
9 8 10    305.5122512690803
10 8 10    283.3390513414903
1 9 10     266.397117038368
2 9 10    309.3574676106649
3 9 10    284.4965380722553
4 9 10    288.1599421055303
5 9 10    293.7134370497208
6 9 10    314.6682579259787
7 9 10    304.8281633072803
8 9 10     307.251999573174
9 9 10    296.7595285604153
10 9 10    285.1451160385291
1 10 10    303.7954494386472
2 10 10    298.5658652662656
3 10 10    315.8200474009068
4 10 10    311.7103825066234
5 10 10    294.5745806220858
6 10 10    302.4054650197222
7 10 10    291.6549973422039
8 10 10    316.8555556792719
9 10 10    301.6819386971405
10 10 10    310.7176907676464
